(0) (0) (14 7) 
(42) (49) (15 31) (81) (83) (47 63) (2 18) (45) (5 12) (58) (11 27) (79 95) (91) (0 16) (33 8) (59 75) (34 50) (36) (29) (28 21) (9 25) (49 24) (32 48) (48) (59) (7 14) (1) (37 44) (54) 
(5 12) (34) (52) (28 21) (3 10) (68) (59) (72) (17) 
(7) (9 25) 
(90) (8 1) (26 3) (24 17) (96) 
(53) (7 14) (13) (47) (0 16) (12) (4 20) (69) (2 18) (9 25) (80) (33) (3 10) 
(15 31) (47 63) (92) (83) (5 28) (14 7) (5) 
(92) (2 18) (57) (13) (8 1) (28 5) (88) (29 45) (89) (15 31) (6) (66) (10 3) 
(57) (19) (7 14) (57) 
(91) (27 43) (9 25) (0 16) 
(1 8) (85) (53) (0 16) (24 17) 
(6 22) (78) (55) (5 12) (83) (30 23) (28 21) (19 10) (39 46) (9 25) (2 18) (90) (35 42) (6) (74) (51 74) (85) (39) (34 50) (62 71) (4 20) (32) 
(10 3) (41) (12) 
(0 16) 
(2 18) (8) (76) (81) (53) 
(18) (4 20) (7 14) (30 23) (0 16) (6 22) (44) (18 34) (46 39) (82) (13 29) 
(11 27) (7 14) (4 20) (5 12) (76) 
(8 1) (16) 
(0 16) (11 27) (9 25) (3 10) (88) 
(73) (33) (14 7) (25 41) 
(0 16) (55) (9 25) (3 10) (23) (17) (32 48) (80) (5 12) 
(38) (4 20) (10 3) (57) (0) (1 8) (15 31) (13) (11) (29 45) (84) (52 68) (12 5) (17 24) (77) (77 93) 
(15 31) (30) (12) (8 1) (7 30) (68) (10 3) (46 23) (68) (9 25) (42) (36 52) (52) (23) (90) (78) 
(43) (14) (57) (85) (95) (51) (21 12) (13 29) 
(22) (2 18) 
(0 16) (2 18) (22) (10 3) (37) (80) (34 50) (21 12) (30) (74) (64) 
(40) (86) (2 18) (9 25) (0) (34 50) (85) (98) (13 29) (15 31) (6) (13) (21 12) (47 63) (10) (7 14) (19) (65) (96) (28 37) (67) (37) (85) (17) (95) (30 23) 
(72) (27) (12) (14 7) (66) 
(0 16) (11 27) (5 12) (14 7) 
(90) (7 14) (1 8) 
(8 1) (29) (68) (10 3) (62) (19 26) (6 22) (42 35) (45) (5 12) (91) (7 30) (92) (7) (0) (27 43) (45 61) (46 39) (66) (88) (15) (99) (19) (18 34) (94) (51) 
(21) (4) (13 29) (69) (7 14) (67) (49) (15) 
(3 10) (15 31) 
(13) 
(76) (0 16) (49) (71) (32 48) (46) 
(15 31) (88) (97) (2) (0 16) (90) (48) (9 25) (81) (24) (14 7) (4 20) (30 23) 
(12 5) (67) (78) (84) (0 16) (53) (94) (37 28) (61) (15 31) (32) (50) (15) (8 1) (21) 
(24) (2 18) (14 7) (10 3) (20) (48) (27) (30 23) (15 31) (13 29) 
(92) (18) (13) (22) (7) (90) (28 5) (81) (26 3) 
(9 25) (95) 
(5 12) (7 14) (4 20) (2) (26) (3 26) (4) (5) (77) (2) 
(62) (44) (78) (3 10) (23) (29) (9 25) (15 31) (1 8) (29) (78) 
(8 1) (14 7) 
(45) (13) (23) (65) (2 18) (12 5) (6 22) (4 20) (21 28) (23 14) (17 8) (3) (44 37) (51) (43) (29) 
(83) (6 22) (14) (1 8) (19 10) (43) (97) (12 5) (2 18) (33 24) (4 20) 
(15 31) (74) (47 63) (6) 
(9) (5) (30) (83) (4 20) (8 1) (79) (21 12) (31 47) (82) (23) 
(9 25) (86) (8) (41) (71) (62) (13 29) (22 38) 
(9 25) (51) (73) (14 7) (68) (85) (94) (19 10) (44) (0 16) 
(12 5) (75) (2 18) (6 22) (4 20) (0 16) (36 52) (1 8) (22) (40) (27 43) (68) (30) (22) (10 3) (81) (13 29) (32 48) (36) (51) (31) (33 40) (7 30) (31 47) (47) 
(35) (15 31) (8 1) (53) (17 24) (97) (19 10) (89) (13 29) (4 20) (2 18) 
(49) (8 17) (79) (13 29) (7 14) (11 27) (77) (3 10) (72) (4 20) (40 33) (9 25) (85) (29) (77 93) (73) (42) (57) (19 42) (58 35) (30 23) (39) (3) (2 18) (0) (46 55) (8) (62 71) (25) (4) (43 59) (52) (75 91) (94) (49 72) (12 21) 
(85) (9 25) (93) (0 16) (11 27) (29 45) 
(8 1) (51) 
(81) (10 3) (11 27) 
(10 3) (9) (91) (4) (8 1) 
(11 27) (36) (0 16) (2 18) (33) (80) (15 31) (83) (14 7) 
(7 14) (13 29) (46) (15) 
(98) (33) (3 10) (79) (52) 
(6 22) 
(5 12) (6 22) (73) (15 31) (28 21) (64) (10 3) 
(14) (92) (10) (8 1) (24 17) 
(0 16) (10) (9) (44) (13 29) 
(33) (12 5) (21 28) (10 3) (19 26) 
(13 29) (40) (79) (87) (0 16) 
(57) (4) (33) (15 31) (12 5) (7 14) 
(10 3) (13 29) (52) 
(13 29) (5 12) (15 31) (58) (45 61) (47 63) 
(5 12) 
(5 12) (8 1) (3 10) (21 28) (13 29) (15 31) (0 16) (4 20) (36 52) 
(54) (80) (10) (3 26) (31) (5 12) (62) (78) (53) (22 38) (25) (7 46) (23 62) (31 47) (56) (78 39) (19 42) (37 28) (55 94) (58 35) (19) (66) (64) (13) (44 53) 
(3 10) (19 26) (11 27) (13 29) (2 18) (96) (35 42) (15 31) (45 61) (6 22) (5 12) (36) 
(52) (85) (88) (12 21) (7) (0) (14 23) (15 31) (1 24) (28 37) (11 27) (16 32) 
(75) (5 12) (51) (28 21) (77) (14) (9 25) 
(0 16) (3) (5 12) (19 10) (1) (17) (2 18) (88) (35 26) (7 14) (30) (9 25) (49) (51 42) (21) (4 20) (13) (29 45) 
(10 3) (40) (54) (2) (24 1) (5 12) (78) (30 7) (81) 
(14 7) (91) (66) (48) (82) (4 20) (32) (12 5) (19) (70) (10 19) (34 50) (75) 
(6 22) (37) 
(14 7) (62) (9 25) (10 3) (0 16) (76) (2 18) (4 20) 
(98) (83) (73) 
(97) (6 22) (86) (22) (12) (4 20) (93) (64) (9 25) (57) (29 45) (61 77) (85) (85) (28) (55) (17 8) (65) (61) (32) (37 44) (24 49) (2 18) 
(8) (10 3) (9 25) (7 14) (67) (24 1) (81) (50) (7) (54) (26 35) (41 57) (12 5) (42 51) (0 16) (58 67) (11) (36) (22 38) (20 36) (27) (74 83) (54 70) (28 21) 
(10 3) (41) (19 26) (6 22) (13 29) (8 1) (42 35) (15 31) (80) (12 5) (62) (45) (58 51) (11 27) (43) (58) (35) (99) (69) (49) (80) (30 7) (72) (38 54) (59 75) (9) (70 86) (4 20) (36 52) (58) (48) 
(10 3) (4 20) (0 16) (14 7) (30 23) (39 46) (5 12) (9 25) 
(15 31) (6) (7 14) (23 30) (2) (72) (20) (10 3) (64) (83) (12 5) (23) (83) (7) (13 29) 
(51) (88) (2 18) (13 29) (24 1) (9 25) (40 17) (87) (6 22) (19) (52) (20 36) (56 33) (76) (49) (34 50) (38 54) (11 27) (78) (0 16) (5 28) (23 30) (83) (45 61) (76) (54) (10 51) 
(5) (9 25) (3 10) (71) (43) (30) (30) (98) (0 16) (19 26) (6 22) (4 20) (21 12) (31) (1 8) (18 34) (28 37) (24 17) 
(83) (29) (63) (0 16) (7 14) (28) (23 30) (4 20) (32 48) 
(28) (98) (4 20) 
(7 14) (5 12) (80) (10) (16 32) (6 22) (87) (28 21) (13 29) 
(14 7) (40) (11) (78) 
(46) (72) (2) (0 16) (46) (1 24) (15 31) (84) (93) (3 10) (61) (45 61) (22) (9 25) (19 26) 
(1) (8 17) (24 33) (85) (6 22) (0 16) (2 18) (15 31) (22) 
(11 27) (6 22) (43 59) (87) (62) (4 20) (22) (64) 
(8 1) (39) (38) (17 24) (23) (19) (18) (52) (39 14) (0) (82) (15 31) 
(19) (14 7) (67) (77) (35) (4 20) (36 52) (30 23) (10 51) (42) (78) (67) (60) (56) (98) (1 24) (25) (38) (91) 
(10 3) (19 26) (1 8) 
(62) (30 7) (13 29) (46 23) (12 5) 
(65) 
(26) (19) (6 22) (16) (40) (12 5) (28 21) 
(37) (51) (64) (19 10) (9 25) (40) (46) (21 12) (30 7) (15) (29) (94) (24 1) (11 27) (53) (63) (62 23) (76) (47 63) 
(10 3) (61) (2 18) (7 14) (6 22) (0 16) (9 25) (30 23) (65) (24) (27) (34 50) (4 20) 
(98) (6 22) (28) (52) (86) (7 14) (8 1) 
(39) (93) (63) (11 27) (37) (32) (78) (80) (2 18) (3) (20) 
(2 18) 
(1 8) (17 24) (10 3) (2 18) (6 22) 
