(66) (94) 
(49) (11 87) 
(36 21) 
(20) (67 71) (46 95) 
(5) 
(54 55) 
(41 37) (15 59) 
(21) (61) (81) (6 82) 
(81 69) (89) 
(44) (89 21) 
(95) 
(29) 
(87) 
(56) 
(79 27) (20) 
(63 27) (13 28) (4 80) 
(68) 
(81) (46) (8) (27) 
(27 90) 
(61 78) 
(75) (19 87) 
(27) 
(64) (54) 
(1) (33 85) (80) 
(24) 
(10 91) 
(76 13) (97) (69) (78 42) 
(37 97) 
(2 70) 
(26 6) 
(28 77) (95) (99 66) 
(28 93) 
(8) (75) (10 94) (54 34) 
(94 47) (12) (55) 
(39) 
(26 94) 
(27) (99) 
(37) (53 49) (50 1) (27 95) (39) 
(75 55) 
(23 19) (42 70) 
(93) (50 81) 
(30) (41 21) (14 93) 
(76 8) (81) 
(55) 
(53) (13) 
(6) (6 18) 
(45 57) 
(70) (47) 
(16) (69 89) 
(89 90) 
(71) 
(55) 
(53) 
(46 15) 
(5 70) 
(73 74) 
(69) (77) 
(80) 
(14 95) (19) 
(89 5) 
(75 71) (29) (89) 
(27) (19) 
(76 93) 
(19) (38) (16) (77 41) 
(87 3) 
(92 8) (13) 
(86 90) 
(2) (82) (80 20) (13 30) 
(18 6) (43 39) (37 4) (31 75) (84 21) 
(40) 
(48 20) (86) 
(2 97) 
(73) 
(96) (20 16) 
(74) (85) (6) 
(78 47) (71) (64) 
(47 14) 
(61) 
(93) (35) (41) (81 18) (37 86) 
(81) 
(47 78) (60) 
(47) (65 16) (99 87) (22) 
(20) 
(29) (69 33) 
(19 39) (31) (92 8) 
(9) 
(23 83) 
(68 16) 
(91) 
(49) 
(50 33) 
(28 40) (36 24) (77) (7 22) (76) (0 17) (33) (38 34) (84) (20) 
(11 63) (13 62) (68) (47) (90) 
(68 64) (58 62) 
(25) 
(96) (56 92) 
(66 1) 
(50) 
(44 77) 
(11 42) (27 10) 
(94) (87) 
(94 29) (93 60) (64) 
(31) 
(67 98) 
(10) 
(26) 
(65 18) (68) (46) 
(74 9) 
(38) (45) 
(32) (5) (23) 
(26) 
(98 19) 
(63 59) (90 6) 
(56 84) 
(14 63) (79) 
(46) 
(84 16) (80) 
(32 84) 
(33 16) 
(41 40) 
(96) (23 19) (4) 
(24) (35) 
(44) (49) 
(64) 
(44) (55 38) 
(17) (78 74) (36) 
(97 96) 
(14 13) (48 36) 
(48 4) (98 70) (62) 
(13) 
(36 32) (48) (44) 
(86 53) 
(60 8) 
(85 73) 
(51) (93) 
(56) (35) 
(73 29) (11) (56 25) (37) 
(63 11) 
(10 41) 
(18) (43) 
(19) (61 94) (89) 
(27) 
(72) (5 9) (22 58) (4) 
(75) 
(98 81) (37 6) (89) 
(99 39) 
(28) (23 3) 
(65 16) (32) 
(35 66) (59 95) (77) (41 56) 
(28 72) (29 89) 
(83) 
(80 97) 
(83) 
(25 24) (84 8) 
(37) 
(29) 
(82 22) 
(14 63) 
(57 29) 
(96 65) 
(32) (20) 
(92 88) 
(94) (18 65) (91) (64 52) 
(21) (36 64) (81) 
(87 83) (98) 
(14 42) (71) (28) (33) 
(33 82) 
(41 10) (27 23) (78 61) (44 56) 
(44) 
(89) (31) 
(81 53) 
(55 70) 
(40 36) (26 89) (97) (54 39) (98 6) 
(21 4) (61) 
(30) 
(63 91) 
(17 53) (17) (9) (68 56) 
(96) 
(33 5) (38) 
(36) (70 10) (19) 
(89) (27) 
(82 38) 
(80) 
(59 47) 
(21 9) (49) 
(87) 
(80) 
(71) 
(80 84) 
(37 33) (29) 
(43 95) (64 84) 
(74 11) 
(97) (5 4) 
(8) (86 39) 
(51) (96) 
(15 75) (90 73) 
(79) (27) 
(7 38) (39 67) 
(7 43) (4 21) (81) 
(81) 
(91) (23 27) 
(47) 
(7) 
(22 39) 
(75) (62) (88) (70) (28) (53) 
(53 38) 
(84) 
(30) 
(12 29) (23) (5) 
(6 23) 
(81) 
(98) (76) 
(94 47) 
(89 69) (97 98) 
(85) 
(47) (39) 
(89) 
(54) (95 27) (89) (73 88) 
(91 26) 
(27 42) (12) 
(52 56) (84 69) 
(60 93) (91 63) (9) (12) 
(58 59) 
(27) (44) 
(86 2) (56 28) 
(23) 
(77) 
(90 62) 
(58 54) 
(17) 
(88 20) (2 70) (0) (76 88) 
(53) 
(66) 
(78 93) 
(3 66) (85) 
(87) 
(8) (67 71) 
(72) (48 97) (2 3) (69 68) 
(45 12) 
(9 42) (48) 
(42 25) 
(47 30) 
(10) 
(51 23) (29) (49) (83) (88) (71 22) (67) (18) 
(50 97) (34 97) 
(1) (81) (15 94) (73 24) 
(29) 
(68) 
(70) (29) (15) (75 10) 
(90 89) (7) (39 70) (11 26) 
(75) (91 15) 
(22) (73) 
(40) (11) 
(2 17) 
(78 47) 
(96 20) 
(82) (26 57) (85) 
(66) 
(45 78) (82 86) 
(40 44) 
(20 85) (44) 
(33 82) (99 39) 
(39) (76 56) 
(7 70) (73) 
(25 8) (93) (57 13) (70) 
(24) 
(29) 
(12 13) 
(86) 
(26 27) (80 97) (57 8) (32) (71 35) 
(45 57) 
(18 99) 
(68 56) (74) 
(86) 
(13 89) (23) (21) 
(96 84) (8 20) 
(98 99) 
(6) 
(24) (7) (27 58) 
(47 43) (37) 
(43 26) 
(87 83) 
(80) (14) 
(14 29) (8) (78) 
(4) 
(40) 
(55) 
(95) 
(8) 
(4) 
(59 7) (40 25) (69 52) 
(8) 
(59 42) 
(79) 
(57 77) 
(98 81) (3 2) (50) (68 56) 
(93) (34) 
(2 83) 
(79 14) 
(7) 
(95) (88) 
(3) (64) 
(29) 
(6 82) (30 31) (57 24) (68) (94) (13) 
(63) (35 2) (0) (13) 
(62) (90) 
(84 85) 
(25 29) (55 3) 
(3) 
(99) (9 45) 
(74 75) 
(51) (45) (13) 
(10 59) 
(25 88) (28) 
(11 23) (74) 
(97 64) 
(75 10) 
(29 9) (47) (24) 
(40) (20) 
(72 57) (33 18) (29 57) (82) 
(25) (58 57) 
(4 88) (8 68) 
(50 19) 
(70) 
(89) 
(94) 
(46) 
(24) 
(70) (27 10) (47 11) 
(53 86) (36) 
(38 10) 
(92 13) (22) 
(83 39) 
(77) (38 26) 
(40) 
(2) (16) (67 7) 
(54 85) 
(82 86) (16) (92 8) 
(45) (52) (66 33) 
(75) 
(26 43) (93 9) 
(47 91) 
(89 5) (51) 
(32 97) (41 26) 
(59) 
(42 11) (56 92) 
(87) 
(28) 
(3) 
(48) 
(27) 
(8 92) 
(84) (82 38) 
(32) (22 37) 
(4) 
(90) (9 10) (39 99) 
(45) (14) (48 81) 
(49) 
(89) (23 70) 
(75 26) (55 27) (49) (99 39) 
(13) (88) 
(72 36) 
(41 26) 
(0 81) (19) 
(47 27) (42 9) (11) 
(8 28) 
(15) (88 76) 
(54) 
(94) 
(59 95) (93) (78) 
(98) (3 18) (17 64) (33 32) (73) (65) (93) (22 2) (36) (89 56) (58 43) 
(64) 
(82) (80) (33 21) (7 54) 
(52 48) 
(47 11) (45) (17 37) (54 10) (36 96) 
(13 62) (32 84) 
(49 53) 
(68) 
(28) 
(40 92) (92) 
(60 24) 
(11) (66 22) (98 70) (97 34) 
(59) (9) 
(52 64) 
(32) 
(34) 
(19 98) 
(5) (58) (79 59) (98 1) (29 30) (89) (25) (2) (10 14) (37 36) 
(62 79) 
(95) 
(85) (34 54) 
(95 59) 
(76 93) (23 70) (7) 
(75 87) (57 90) (80) 
(59) (12 40) 
(53) 
(64) (22 50) 
(64) (13 9) (64 1) 
(64) 
(31) (40 60) 
(0) (79 27) (8) 
(60 40) 
(46 13) 
(95) (16 20) (70) (26 75) 
(87 38) (30) 
(97 2) 
(78 10) (50) 
(78 90) (76) (3 39) 
(72 76) (48) 
(59) (51 71) (47 75) 
(19 39) 
(67) (93) 
(25) (27 31) 
(54) 
(76 72) (52) 
(20) 
(44 88) (46 13) 
(68) (38 74) (31) (17 85) 
(69 33) (41 26) 
(7) 
(81 85) 
(78 61) (88 76) (67 71) 
(21 4) 
(51) (48) (83) 
(67 55) 
(26) (45 62) (97 80) 
(29) (86 21) 
(68) 
(45) (78 95) 
(78) 
(93 76) 
(60 45) (78) (36) (0) (54) (98) 
(35 23) 
(3 82) (39) 
(45 89) (82) 
(43 58) 
(82) (0) (26 11) (99) 
(5) 
(43) (20 69) (73) 
(95) 
(25 5) (46 45) (77) 
(63) 
(12 72) 
(93 14) 
(19 34) 
(34) (47) (57) 
(56) 
(28) 
(51 18) 
(52 8) (73 29) 
(50) (53 89) 
(89 93) (42 86) 
(95 78) (31) 
(95 91) (61 60) (37 33) (17 53) (23) (42) 
(1) 
(94) 
(90 54) 
(7) 
(83 23) (66) (26 78) 
(23) (38) (78 74) 
(85) 
(50 86) 
(99 2) (2 22) 
(47 78) (9) (99 55) (54 58) 
(37 52) 
(74 70) (36 56) (6) (41) (76 61) 
(8 73) (7 59) 
(27 55) 
(22) (45 28) 
(22 74) (81 0) (44) (58 22) 
(73 56) (93 41) 
(81) (41 90) (92) 
(65 0) 
(26) (30) (98 22) (82 70) (9 13) 
(87) 
(86) (44) (18 83) 
(6) (40) 
(97 98) (27 79) 
(32) 
(34 99) (8 52) 
(33 34) 
(66 54) 
(40 4) 
(22) (80) (90 6) 
(46 26) 
(72 89) (87 11) (36 64) 
(63) 
(26) (11 31) 
(57) (61 73) 
(41) (32 33) (87) 
(23 38) 
(26 57) (36 5) 
(20) (50) 
(13) (18) (90 14) 
(21 54) (27) 
(22) (96 4) (74 89) (13 9) 
(6) 
(26 9) (11 7) 
(78 79) 
(56) 
(32 97) (33 82) (83 23) (59 71) 
(52) (90) (86) (58 94) (60 40) 
(83 87) (64) 
(15) 
(0) (23) 
(25) (80) 
(84) (1) (56 73) 
(68) (65 21) (62 95) (34) (72) 
(62 63) (48) (74 75) (51 18) (42 27) (94) 
(49 16) 
(21) (55 54) (36 37) 
(44 29) (85) (0) 
(35) (67 50) (81) (47) 
(38) (27) (52 53) 
(81 2) (42) (8) (11 74) 
(9 29) 