(80 17) 
(53 49) (85 20) 
(21 68) (73) (68) (81 98) (18 97) 
(61 73) 
(44 93) 
(87) (41 29) (83 98) 
(31) 
(39) (91 10) 
(52 24) (47) (15) (45) (82) 
(77 60) 
(43) (57 88) (48 65) 
(25 58) (33 53) 
(74) (9 72) 
(48) (88) 
(12 13) (86 71) (55) 
(12 61) (48) 
(93 9) 
(53 73) 
(57 5) 
(93) (63 62) 
(67 87) (69 9) 
(56) (77) 
(65) (58 6) 
(17) (55) (6) (64 65) 
(90 25) (16 84) 
(6) (70) 
(10 70) 
(6) 
(43 39) 
(15 30) (94) (76) 
(77 9) 
(13) (79 91) (23) 
(94 47) (50 6) (23 43) (60) (44) (41 40) 
(14) (78 93) (14) 
(50 38) 
(42) 
(59) 
(13 76) (93 41) 
(34) (87 11) 
(43 55) 
(90) 
(69 17) (35) 
(38) (40) (32 49) (83) (33 82) 
(8 20) 
(13) 
(43) 
(28) 
(90 30) (32 68) (53) 
(41 72) (23 59) 
(2) 
(42 59) 
(47 62) 
(38) (93 73) 
(45 44) (61) (9) 
(1 50) (67) 
(46) (42 70) 
(50) (83) 
(72) (27 79) (82) 
(52) 
(14 26) 
(37) (14) 
(31) 
(25) 
(95) 
(82 17) (83) 
(97) (40 36) (53 25) (99 50) 
(40) (79 14) 
(17) (16 52) 
(92) (24 12) (29) (51 98) (41) 
(55) 
(8 4) 
(37) 
(20) (79 62) (50) (54 87) 
(16) (54) (51) (59) 
(97) (70 42) (1 16) (35) (8 52) 
(53 22) 
(47) 
(88 57) (17 34) (37) (19 39) (7 43) 
(34 51) (42 41) 
(93) (37) 
(74) 
(11 42) 
(41) (49 82) 
(3 66) (62 31) (98) (30 93) (75 87) 
(65) (54) 
(51) (0) 
(0 97) (94 13) 
(18 33) 
(53) (91 55) 
(7 11) (55 27) (32) (36 40) 
(39 43) 
(30) 
(40 92) (35 2) (5 38) (49 0) 
(86) (26 11) (5) 
(71 86) 
(26 41) 
(10) 
(97 37) 
(83 7) (51) (66 99) 
(14) 
(11) 
(36 80) (16) (52 72) (94) (30) (78 93) (73 77) (85) 
(15) (69) 
(26) 
(28 61) 
(55 91) (89) (41) (73) (96) (34) 
(25) (66) 
(89 10) (91 26) (36 72) (13 41) (56 57) (93) 
(84 69) 
(35) 
(22) (15 46) 
(68) 
(5) 
(60 45) (56) 
(64 36) 
(87 91) (52) 
(35 87) 
(65 82) 
(92 45) (72) 
(54 42) 
(63) 
(69) 
(54) 
(94) (60) (10) 
(85 4) 
(99) 
(45 44) 
(88) (42) (90) (27 74) 
(46 77) (13 92) (61) (97) 
(75) (42 78) (63) 
(66) 
(76 77) (70 5) (60) 
(58 89) 
(37) (36) (84 69) 
(1 96) (24) 
(92) (59) 
(6) (22 53) 
(29) 
(64 20) 
(34) 
(27 7) 
(54 42) (50) (26) (22) 
(34 6) (77 94) (15) 
(22 5) 
(25) 
(44) (2 86) 
(97 21) (84) 
(3) (21) 
(44 77) 
(5) 
(29) 
(3) (58 25) (38 69) 
(12) 
(47 43) (95) 
(0 49) 
(62) (1) (87) 
(44 40) (27) (12) 
(67 98) (53) 
(40) 
(98 22) 
(72 68) (54 21) (35 34) (7) 
(24 12) (97) 
(91 15) 
(76 72) (19) 
(52) (12) (14 26) 
(10 78) (23) (84 32) (12) 
(27) (76 45) (37) (25 26) 
(21 86) 
(97) (44 24) (6 5) (34) 
(81 5) (23) (16 68) (87) (8 9) 
(19 87) 
(79) 
(95 11) (14 26) 
(54) (25 5) 
(19 18) 
(11) 
(51) 
(46) (41) 
(82 67) 
(90) (56) (10) 
(71 43) 
(80) 
(2) 
(54 37) 
(75) (11) (58 27) 
(18) 
(65 50) (0 49) 
(32) (94) (62 74) (24) (12 56) (97) (16 49) (37) (11) 
(62 10) (80) 
(12 56) 
(12 77) (23 22) 
(88) (50 49) 
(1) 
(25 45) (31) 
(6) 
(17 37) 
(3 39) 
(10) (50) (75) 
(24 73) 
(45 12) (85) 
(96 1) 
(15) 
(40) (7) (15 62) 
(88) 
(72) 
(32) (50 22) 
(49 50) 
(18 81) 
(95) 
(6) 
(76 24) 
(92 8) (7) (37) 
(69) 
(98) 
(13) 
(15 62) (92 13) 
(29 57) 
(17) 
(79 75) (6 23) (22 55) 
(89) (38 69) (91) 
(27) (91) (76) 
(37 57) 
(25) 
(85 20) (7) (90) (74) (3 23) (17 32) 
(22 82) 
(48) 
(56) 
(44) (97 16) 
(90 91) (15 27) 
(62 13) (51 71) (76) (66) 
(73) 
(49 32) 
(91) 
(43 47) (72) (41) (98) 
(84 88) (4) 
(24 44) (61 92) 
(28) 
(63) 
(68 64) (9 24) 
(51) 
(99) (8) (62 63) 
(27 42) (92) (7 67) 
(97) 
(38) (61 57) 
(18 22) 
(59 15) 
(47 30) 
(20 88) 
(10) 
(81 18) 
(70 87) (17) 
(60) (3) 
(40 41) (97) (60 13) 
(0 36) 
(44) (16 81) 
(99 23) (89 77) (48) (56 44) 
(98) (93) 
(88 89) 
(56 25) (38 53) 
(3 98) (73 61) 
(7 67) (53) 
(67) 
(65) (77) (55 54) (39 19) (63 59) (20) 
(3) (97 5) 
(64 97) (73 93) (43) 
(70 98) (62) (56) 
(43) 
(66 3) 
(48 4) 
(39) 
(56 20) (33) (58 73) (92) (22) 
(61) (58) (78 10) 
(51 50) 
(62 45) (29) 
(25) (44) (54 42) (88) (40 92) 
(76 8) (33 82) 
(60 13) (73) (80) 
(78) 
(7) 
(96) (53) (33 66) (40) (49) 
(4 21) (3) 
(51) 
(62) (99 7) 
(76) 
(35 98) (31 91) 
(21) 
(39) 
(34 17) (81) (58) (62) 
(31 11) (98) 
(24) (40) 
(78 63) (53) (14) 
(63) (99) 
(91 74) (5) (22) 
(6 53) (1) (63) (37) (83) 
(1) 
(89) 
(88 57) (63) 
(24) 
(16) 
(80 68) 
(88 41) 
(42) (63) (72) (65 34) 
(7 83) 
(65) (23) 
(47) (85) (71 99) 
(23 51) 
(53) (27) 
(98) (37 38) (88 25) (48 49) 
(80) 
(9) 
(14 15) 
(68) 
(96) 
(63 62) (35 66) 
(35 66) 
(11 71) 
(68) (0) (41) (62 58) (68) (83) 
(41 10) (35) (42 91) 
(30) 
(12 56) (44 24) 
(45) (31) 
(9 40) 
(60) (93 62) (99) (61 44) (70) 
(30) (74 6) 
(14 63) (93) (99 66) 
(90 14) 
(9 29) 
(30 61) 
(22 2) (83 18) 
(75) 
(25) (18 70) 
(88) 
(27) 
(35) (70 58) (42 75) (7 86) (69) (78) 
(66) (53 70) 
(97 37) 
(15 75) (29) 
(65) 
(22 21) 
(55 70) (74) (43 58) 
(44 93) 
(47 78) 
(29 94) 
(33 98) (27) (56) (79 62) (71 54) (57) (40) 
(87) 
(99) (45) 
(16) 
(91) (3) 
(67 87) (15) 
(18) 
(17) 
(0 84) 
(82 86) 
(2) 
(0 36) 
(41 21) 
(43) (33) 
(88) (72 20) (41 69) 
(57) (15 46) 
(70 39) 
(84) 
(32) 
(48 52) 
(88) 
(0) 
(59) (90 73) (1 85) 
(98 83) (65 32) (58) 
(92) 
(20) (10 9) (66) 
(7 54) 
(35 55) 
(29 60) 
(40 4) (24) 
(43) (57) (93 41) (51 71) 
(2) (41) (34) (43) 
(72 41) 
(22) (72 52) 
(57 37) 
(3) 
(34) 
(9) (32) 
(18) (33) (58) 
(3 55) 
(70 23) (85) (73) 
(81) 
(63 11) (48) (47) (95 46) (26 30) (31) 
(63) 
(51) (17) (26) 
(32 97) (58) 
(42) 
(11 63) 
(11) 
(51 50) (14 15) (36 24) (65) 
(90) 
(51 55) 
(10 91) 
(97) 
(33) (67) (83) 
(46 74) (26) (59) 
(78 90) 
(55) 
(93) 
(28 88) 
(46) 
(73) (66 81) (14 13) 
(28) 
(17 69) 
(19 23) (50 33) (64 17) (56) 
(58 41) (12 45) (91 26) (35 2) 
(65) (26) (82) (99 66) 
(38) 
(55) (36) 
(29 25) 
(34) 
(63 91) 
(99 50) (78) 
(4) (6 2) (85 49) (34) 
(72 57) 
(59) 
(33) (28) 
(33) 
(4) 
(49 18) (4) 
(29 46) 
(86) 
(56) 
(28) 
(62 47) 
(60) (21) 
(56 68) (94) (15) 
(33 98) 
(98) (15 62) (99 23) 
(21) (6) 
(16 4) (43 47) 
(27) (18) (82 86) (17) (69) 
(16) (9) (67 66) 
(15) 
(51 39) 
(18 38) 
(33) 
(49 18) (27 10) 
(22) 
(9 29) 
(51) 
(41 37) (6 26) (16) (91) (11) (2) 
(48) (60) 
(10) 
(52 48) (51) 
(97) 
(97 98) 
(4 32) 
(86 87) 
(26) (34 1) 
(39) 
(93) 
(11 58) (79) (4) 
(3 18) 
(29 89) 
(67) 
(28) (5 9) 
(85) (1 53) (99) 
(36) (10 25) 
(35) 
(20) 
(54) (72 36) (88) 
(93) 
(6) 
(34 81) 
(49) (30) 
(33 80) (13 78) (33) (73) (69 57) 
(35 50) 
(32 84) 
(64 4) (44) 
(76) (36) (0) (57) 
(0) 
(72) (45) 
(49 53) (58 57) (25 13) 
(72) (29 41) 
(20 32) (26 25) 
(56) (3) (54) 
(15) 
(72 44) 
(14 79) (74) (61 60) 
(49) (58) 
(74) 
(97 85) (51) 
(33 18) 
(64) 
(81) 
(19 71) (53 70) (48 68) 
(88) 
(69 20) (62) 
(88) (99) (15 11) 
(77 78) 
(47) (64 68) (89) 
(75) (86 74) (33) 
(51) (41 61) 
(66 38) 
(18 86) (87) 
(35 71) (25) (26) 
(68 96) (70) 
(70) (42) (32 20) (84) 
(35) (37) (62) 
(17 98) 
(41 58) 
(30 77) (9) 
(44 40) 
(6) 
(18 49) 
(14) 
(32) 
(26 86) (92 40) 
(80) 
(60) 
(19 71) (61) (97 32) 
(6 18) (61 12) (95) (29 9) 
(44 29) 
(4) (38 90) (63 27) 
(15) 
(77) (38) (10 9) (98) 
(22) 
(52 48) 