(0) (16) (32) (48) (64) (80) (96) (9) (25) (41) (57) (73) (89) (12) (28) (44) 
(0) (16) (32) (48) (64) (80) (96) (9) (25) (41) (57) (73) (89) (12) (28) (44) 
(16 0) 
(16) 
(16 0) 
(32 16) 
(32) 
(32 16) 
(48 32) 
(48) 
(48 32) 
(64 48) 
(64) 
(64 48) 
(80 64) 
(80) 
(80 64) 
(96 80) 
(96) 
(96 80) 
(9 96) 
(9) 
(9 96) 
(25 9) 
(25) 
(25 9) 
(41 25) 
(41) 
(41 25) 
(57 41) 
(57) 
(57 41) 
(73 57) 
(73) 
(73 57) 
(89 73) 
(89) 
(89 73) 
(12 89) 
(12) 
(12 89) 
(28 12) 
(28) 
(28 12) 
(44 28) 
(44) 
(44 28) 
(16) (16 0) (0 16) (16) (16 0) (0) (32) (32 16) (16 32) (32) (32 16) (16) (48) (48 32) (32 48) (48) (48 32) (32) (64) (64 48) (48 64) (64) (64 48) (48) (80) (80 64) (64 80) (80) (80 64) (64) (96) (96 80) (80 96) (96) (96 80) (80) (9) (9 96) (96 9) (9) (9 96) (96) (25) (25 9) (9 25) (25) (25 9) (9) (41) (41 25) (25 41) (41) (41 25) (25) (57) (57 41) (41 57) (57) (57 41) (41) (73) (73 57) (57 73) (73) (73 57) (57) (89) (89 73) (73 89) (89) (89 73) (73) (12) (12 89) (89 12) (12) (12 89) (89) (28) (28 12) (12 28) (28) (28 12) (12) (44) (44 28) (28 44) (44) (44 28) (28) (0) (0 44) (44 0) (0) (0 44) (44) 
(44) (44 9) (9) (44) (9 44) (44) (16) (16 0) (0) (16) (0 16) (16) (80) (80 28) (28) (80) (28 80) (80) (57) (57 25) (25) (57) (25 57) (57) (12) (12 96) (96) (12) (96 12) (12) (64) (64 73) (73) (64) (73 64) (64) (41) (41 89) (89) (41) (89 41) (41) (32) (32 48) (48) (32) (48 32) (32) 
(16) (16 44) (44 16) (16) (16 44) (44) (80) (80 16) (16 80) (80) (80 16) (16) (57) (57 80) (80 57) (57) (57 80) (80) (12) (12 57) (57 12) (12) (12 57) (57) (64) (64 12) (12 64) (64) (64 12) (12) (41) (41 64) (64 41) (41) (41 64) (64) (32) (32 41) (41 32) (32) (32 41) (41) (44) (44 32) (32 44) (44) (44 32) (32) 
(32) (32 57) (57) (32) (57 32) (32) (41) (41 64) (64) (41) (64 41) (41) (12) (12 16) (16) (12) (16 12) (12) (80) (80 44) (44) (80) (44 80) (80) 
(41) (41 32) (32 41) (41) (41 32) (32) (12) (12 41) (41 12) (12) (12 41) (41) (80) (80 12) (12 80) (80) (80 12) (12) (32) (32 80) (80 32) (32) (32 80) (80) 
(32) (32 80) (80) (32) (80 32) (32) (41) (41 12) (12) (41) (12 41) (41) 
