(40) 
(68 8) (2) 
(82) 
(55) (83 87) (12) 
(55 51) (15) 
(97 66) 
(54) (17 0) (47) (21) (49 69) (62 90) 
(4 21) (76 77) (11 90) (24 41) 
(98) (46 90) (65 64) (7) (68 16) 
(61 92) (78 95) (20) 
(93 44) (28 56) 
(0) 
(42 94) 
(65) 
(99 98) 
(4 56) 
(43 74) 
(46 95) 
(85 89) 
(3) 
(12) (4) (22 71) 
(6) (78 63) (48) (7 35) 
(31) 
(58 94) (25) 
(3 71) (1) 
(57) 
(68 32) 
(57) (36) 
(23) (80 65) 
(86 10) 
(31 11) 
(35 7) 
(5) 
(73 24) 
(56) 
(3) 
(41 45) (69 41) (48) (78) (93) 
(24) 
(11 71) (22 42) 
(59) (21 9) 
(95 91) 
(9) 
(26) 
(82 97) (45 46) 
(91 79) (56) (13) 
(22 55) (44) 
(33) (34 6) 
(19 18) (53 36) (18) (7 83) (2 49) (50) 
(15) (64 84) (7) 
(15 91) (84) (73) 
(42) 
(32 68) 
(56) 
(97) (93 25) (85 6) (77 89) 
(76) 
(49 96) 
(28 40) (49 53) (13) 
(62) 
(76) 
(73) 
(59) (46) (45 57) 
(60 45) 
(71 11) (94) (2 99) (32) 
(32) (68 8) 
(15) (36 48) (94 47) 
(56 44) 
(79) (22 90) (59) (61) (16 36) (18 65) 
(86) (91 42) 
(21) (35) 
(30 42) (95 59) (92 45) (86) 
(86 71) (13) 
(96 20) (35) 
(40) (34) (94 79) (41) 
(79 91) 
(79) (24 76) 
(71 70) 
(4) (67 87) (3) (70 37) (84 96) (64) 
(53 25) (32 1) 
(82 22) (85 65) 
(88) 
(40 44) 
(70 37) (70) 
(44 45) 
(40 28) (94 63) (28) 
(13 76) (50) 
(93) 
(8) 
(14) 
(54 5) 
(87) (2 6) 
(53 97) (6 82) 
(24 4) (93 9) (7 67) 
(81 96) (28 88) 
(79) 
(25 53) (72) 
(66 6) (88 12) 
(46) 
(10 41) 
(34 33) 
(93) (10 75) (64) 
(61 78) 
(34 49) (34 17) 
(19) (83) 
(2) (86 69) (38 53) 
(7) 
(61) 
(6 50) (57 37) (48 33) (26) (47 75) (11 58) (17 85) 
(59 31) (62) 
(86) (19 87) (75) (44) 
(73 42) 
(25) 
(92) 
(48) (9 69) (34 54) (27) 
(22 69) (10) (53) 
(81) 
(15 59) 
(70 71) (52) 
(24) 
(20) 
(47 94) 
(56 68) (55) (38 21) 
(41 24) 
(93) (42) 
(36) (20) (45 89) (90) 
(30) 
(20) 
(0) 
(79) 
(8 25) (22 98) 
(66) (70) (5) (87) (80) (44 72) (30) 
(66) (69) 
(16 33) 
(32 4) (68 53) (96 17) 
(59 58) (57 61) (81) (69) (16) 
(81) (39 19) 
(89) 
(78 95) (94) 
(74) 
(31 75) (87 22) 
(27) 
(61 57) 
(96 81) (4 5) (50) (87 91) 
(63 11) (55 99) 
(63) (25 93) (48) (23) 
(16 84) 
(46 74) 
(0) (53) 
(23 59) 
(30) 
(69) 
(89) (54) (20) 
(17 37) (21 68) 
(60) (26) 
(58 86) 
(79 43) (91 87) 
(26) 
(7 51) (96) 
(80) 
(65 82) (79) 
(42) 
(41) 
(28 8) (79) (25) 
(12 8) 
(70) 
(85 41) (47 78) 
(89 29) 
(93) 
(81 82) 
(61 62) 
(95) 
(74 70) 
(86) (66) (39 6) 
(31 11) 
(43) 
(97 85) 
(46) (65 5) (34 49) 
(9) 
(72) 
(60) 
(37) (21 33) 
(1 98) 
(41) 
(76) 
(19) (85 22) (63 27) 
(60) (77) 
(83 82) (72 57) 
(56) 
(31 27) (35 23) (80) (21) 
(15) (43) 
(3 2) 
(76 24) (16 65) 
(91 71) (29 14) (56) 
(56) (40 68) 
(45 76) (48) 
(39 38) 
(14) 
(70) (64) 
(11 87) 
(35) (94) 
(76 72) 
(9) (24 36) (18) 
(32) 
(22) 
(39) (50) (81) (39) (2 86) 
(69 70) 
(51 39) 
(92 13) (78) 
(13 62) 
(67) 
(32) 
(49) 
(42 59) (46 61) 
(23) (73 40) 
(74 73) (43 74) 
(17 2) (91 58) 
(81 0) (6) 
(15) 
(14) 
(3 2) (88 76) (72) 
(86 71) 
(58) 
(35 7) (5) (70) (24) (27) 
(59) (17) 
(80 52) 
(71) 
(44) (79 27) (12) 
(29 78) 
(96) 
(46) 
(1) 
(17) 
(80) 
(4) 
(11) 
(63) 
(50 83) (71) (82) (83 50) 
(78 47) 
(89) (88) 
(82 49) (40 36) (86) (17) (90 89) (18) (26) 
(6) 
(44) 
(22) (91) (23 22) (43 71) (28) 
(55 75) (57) (4) (67) (80 1) 
(84 40) (78 26) 
(38) (25) (65 18) 
(49) 
(93 25) 
(17 5) 
(78 29) (31) (18) (79) (27 95) 
(63) 
(83 98) (37 17) 
(54) 
(28 56) 
(81) (86 85) (89) (69) 
(50 67) (55 19) (95 27) (16 17) 
(52) (88) 
(16 68) 
(5) (49) (53) 
(52 40) 
(29) 
(83) 
(56 84) (77 28) 
(18) 
(79 27) (79) 
(65 82) 
(48 97) 
(18 83) (36 5) (46 63) 
(80 49) 
(45) (51) 
(55 83) (86 18) 
(85 41) (69 33) 
(37) 
(50) (55 70) (34 86) 
(14 58) 
(44 8) (81 18) (86) 
(18) (99 50) (14 58) 
(94) (67) (24 28) 
(20) 
(47) (95 75) 
(82 33) (25) 
(25) 
(73) 
(1 69) (88 68) 
(88) (49) (56 73) (61 78) (39) (55) 
(46) (40) (95) 
(2 54) 
(18) 
(41) 
(55 22) (39 6) 
(6) (86 34) 
(7 43) 
(76) (85) (32 68) (25) (91 71) (54) (10 6) (36 80) 
(27 42) (67 50) (35 98) 
(69) (21 86) (61) 
(55 54) (22) (69 86) 
(49 0) (56) 
(11) 
(77) 
(89 40) (47) (32 68) (59 42) (46) 
(86 39) 
(41) (54) (41) 
(90 46) 
(61 60) 
(86) 
(0 65) (89 45) (61 57) 
(42) (93) (45 44) (52) 
(8) 
(63 11) (31 62) 
(29 25) 
(48) (21) 
(49) (27) (53) 
(9 93) (66 81) 
(15 59) (0 1) (7 54) (57 29) 
(27 87) (52) 
(41 74) (86) (70 87) (26 46) (94) (24 12) 
(9 26) (12 13) (24) (40) 
(74 38) (43) 
(15 27) (23) 
(97 32) (47 11) 
(89 88) 
(31 59) 
(44) 
(5 25) 
(16) 
(76 61) (15) (70 66) (83 55) 
(68 53) (16) 
(3 39) (59 87) (60) 
(66) 
(17) (91 63) (43) (90 9) (7) (64 65) 
(36 56) 
(9 37) (68) 
(71 75) (60) (7) (4 85) (67 2) (81) (96) 
(43 71) 
(17) (73 77) (47) 
(85) (3) 
(43) (86 7) 
(21 68) (48) 
(90 27) (47 43) 
(32 17) 
(45) 
(64 52) (31 14) (62) 
(14 74) 
(3 7) 
(19 23) 
(42 38) 
(72) (8 76) 
(13 89) 
(14 61) (57 58) (0 81) (66) (54 7) (14) 
(13) (10 30) (41) (45) 
(76 93) (94) (37) (79) (78 74) (81 34) 
(34 97) (26) (2 51) (43) (30 47) 
(59 90) (73) (96 84) (32) (13) 
(35) 
(45) (52 32) 
(80 65) (35 7) 
(68) (30 90) (0 65) 
(39 43) 
(79 43) 
(8) 
(79 78) (56) (45 57) 
(15 78) (51) 
(12) (0 1) (35 71) 
(33) 
(49) (12 8) (97) (21 49) 
(78 95) 
(29) (64) (27 63) 
(49) (83 98) (61) 
(1) 
(15) (26) 
(39 54) (94 74) 
(1) 
(2 17) (15 14) (32) 
(49) 
(50 70) 
(15) (31 94) 
(24 12) (6 98) (30 15) 
(71 70) 
(53 20) (88 60) (11) 
(47) 
(66) 
(92 29) (42) 
(39) 
(95 59) (2) 
(48 81) (83 87) 
(62 61) (39 86) 
(45) (80) 
(27 95) 
(31 62) (69) (91 55) (60) (85 54) (94) 
(17 18) (96) 
(93 73) 
(15) 
(47) (98 65) 
(57) 
(73 61) 
(12) (86) 
(73) (22 82) (88 36) 
(78 63) 
(3) (77 78) (3 55) (66 38) 
(82 51) (89 56) 
(1) 
(19 34) (84 37) 
(55) (76 72) 
(53 81) (42) (5) 
(84) (44) (84) 
(26 91) (0) 
(58 94) 
(74 14) (44) 
(0) 
(3) 
(59) (88) 
(20) (98) (48 1) (77) (79) (72) (10) (65 32) 
(72 92) (7) 
(98 54) (30) (27 55) (65) 
(69 17) 
(33) 
(55) 
(14) 
(60 56) 
(18 19) (0 33) 
(3) 
(48 52) 
(23 27) 
(74) (71 59) 
(16 36) (48 52) (9 13) (62) (40) 
(62) 
(56) 
(2) 
(10) (68 21) (92) (97 85) (48 36) 
(36) (8) (92) 
(15) (56) 
(33) (26) (23 59) (37 97) (92) (65) 
(20 56) 
(65) (76 24) 
(73) (33) (8) (68 16) 
(38 69) (8) 
(34 97) 
(62) 
(75 63) 
(45 28) (94) 
(79) (2 67) 
(46) 
(48 17) 
(20 8) (96) (16 1) 
(56) (93) (43) (96 20) (77 30) (97 82) 
(80) 
(78) (27) (17) 
(33 21) 
(52) (26 46) (10 91) 
(62) (71 11) 
(66 51) (37 41) 
(65 21) (30) (51 98) 
(4 53) 
(89 53) (63 14) 
(97 21) 
(35) (11 31) (68) 
(53) 
(2 70) 
(94) 
(79 59) (99 18) 
(3) (91) (24 68) 
(71 38) (50) 
(88 57) 
(58 59) 
(30) (49 96) (14 45) (68) 
(74) 
(65) 
(23) (75) 
(87) (62) (46 90) (70 85) 
(89) 
(58) 
(34) (29 60) 
(42 30) 
(23) (96 68) (36 40) 
(2) (71 22) (15) 
(20) 
(49 48) (59) (79) (42) 
(73) (0) (6) 
(88) (88) (97 32) 
(40 36) 
(93 94) (97 18) (78) 
(19) 
(47) 
(78 31) 
(10 41) (47 91) (57 72) 
(10) (76 72) (90) 
(37 36) (1 53) (26 30) (39 67) 
(22) (52) (27) (49 32) 
(83) 
(89) 
(0) 
(84) 
(8 84) (54) 
(84 72) 
(84) (35) (58) 
(40 25) (9) (51) (76) (52 32) 
(99) (54) 