(0) (39) (3 10) (25) (48) 
(52) (30) (94) (11 27) (3 10) (73) (46 7) (20 36) (69) (8 1) (42) (18) (19 42) (17 24) (49) (25 41) (90) (74 35) (40) (3) 
(0 16) (5 12) (59) (10 3) (2 18) (8 1) (17 24) (33 40) (33) (98) (6 22) (38 54) 
(68) (15 31) 
(50) (1 8) (17 24) (48) (93) (9 25) (0) (94) (18) (13) (66) (30) (66) (98) (32 48) (76) (45) (7) (41 57) (6 22) (46 23) (50) (56) 
(8 1) (16) (92) (13 29) (15 31) (2 18) 
(14 7) (3 10) (2 18) (96) (30) (91) (35) (36) (1) (17 8) (20 36) (30) (66) (16 32) 
(1 8) 
(46) (26) (9 25) (57) (7) (15 31) 
(50) 
(7 14) (15 31) (24) (59) (30 23) (90) (2 18) (13) (63) (79) (44) (4 20) (27 43) (9 25) (79 95) (91) (36 52) (86) 
(2) (7 14) (79) (9 25) 
(42) (19) (34) (1) (17 8) (15 31) (27) (99) (99) (24 33) (88) (4) (55) (74) (78) (96) (3) (18 34) (30) (64) (20 36) (38) (57) (13 29) (42 67) (35) (32 48) (60) (47 63) (99 58) (37) (60) (22) (64 80) (89) (11) 
(14 7) (12) (9 25) (23 30) (73) (10 3) (90) (1 8) (18) (15 31) (60) (44 5) (6 22) (42 19) (15) 
(60) (11 27) (95) (31 47) (94) (19) (29) (2 18) (8 1) (19 10) (72) (13) (88) (73) (35 26) (34 50) (0 16) (95) (56 17) (5 28) (78) 
(1 8) (2 18) (14) (50) (50 66) (7 30) (42) (12) 
(96) (4 20) (1 8) (75) (9 25) (54) (22 38) (67) (41 57) (69) (14 7) 
(5 12) (61) (65) (3 10) (83) (11 27) (15 31) (68) (24) (36) (28 21) (86) (26 35) (42 51) 
(39) (57) (13 29) (88) (7) (45) (39 14) (98) (92) (25) (87) (54) 
(5 12) (47) (2 18) (32) (49) (1) (77) (16 32) (11) 
(95) (88) (6 22) (61) (76) (5 28) (0 16) (3 10) (36) (1 24) (21 44) (31 47) (63 79) (90) (29 45) (42 19) (80) (21) (2 18) 
(29) (0 16) 
(31) (33) (31 47) (35) (2 18) (19) (42) (11 27) (47) (6 22) (10) (46) (34 50) (38 54) 
(13 29) (53) (15) (57) (46) (66) (74) (9) (45 61) (16) 
(45) (36) (20 36) (15 31) (64) (52 68) (11) (27) (5 12) (50) (50) (9 25) 
(93) (1 8) (4) (91) (78) (29 45) (12 5) (7 30) (24 17) (3 10) (99) (9 25) (46 23) (20 36) (27 43) (39 62) (52 68) (99) (42) (42 51) (2) (78 55) (28 21) (44 37) (40 33) (77) (56 49) (62) 
(3) (74) (9 25) (65) (17 8) (2 18) 
(83) (71) (23 14) (19 10) (39 30) 
(35) (41) (15 31) (91) (4) (16) (44) (86) (18) (94) (77) (35) 
(14 7) (63) (40) (11 27) 
(32) (16 32) (3) (4 20) (12 5) (75) (6) (9 25) 
(10 3) (79) (92) (19 26) (82) (8 1) (8) (53) (65) (30) (9 25) (33 40) 
(9) (14 7) (54) (25 41) (30 23) (67) (9) 
(1 8) (53) (7) (21 12) (14 23) (37 28) (12) (17 24) (26) (2 18) 
(10 3) (56) (70) (41) (11 27) (24) (70) (54) (5 12) 
(2 18) (33) (7 14) (30 23) (77) (44) (96) (62) (6) (78) (15 31) (39) (5) (8) (21 28) (22) (4) (31) (9) (11 27) (44 37) (78 55) (32) (71 94) (80) (38 54) (63 79) (22) (29 45) (48 64) (58) (15) (3 26) 
(1) (56) (41) (62) (43) (7 30) (46 23) (50) (56) (3 10) (93) (88) (18 34) (62 39) (95) 
(10 3) (40) (42) (12 5) (13 29) (50) (42 19) (29) (58 35) (1 24) (14 7) (28 21) (60) (83) (63) 
(11) (16) (28) (27 43) (86) (3 10) (86) (9 25) (5 28) 
(67) (15 31) (53) (90) (53) (31) (51) (1 8) (35 26) (17 24) (9 25) (63 79) (12 37) (53 28) (28) (82) (33 40) (41) (6 22) (79) 
(32) 
(13 29) (81) (2 18) (43) (74) (31) (59) (45 61) (0) (52) (99) (5 12) (22) (77 93) (99) (97) (67) (70) (8) (16 32) (0) (19) (43 59) (21 28) (67 26) (7 14) (15) (75) (50) (30 23) 
(15) (10 3) (0 16) (19) (19) (7 14) (9 25) (26 51) (42 67) (30 23) (88) (31 47) (2 18) (47) (39) (96) (75) (4 20) (89) (83) (78) (97) 
(8 1) (12 5) 
(38) (10 3) (67) (5 12) (21 28) (37) (14 7) (15 31) (91) (99) (9 25) (4 20) 
(12 5) (33) (32) (38) (9 25) (24) (17 24) 
(59) (0 16) (15 31) (56) (10) (27 43) (52) 
(85) (11 27) (2 18) (13 29) (9 25) (41 57) (75) (15 31) (27) (66) (4 20) (68) (68) 
(58) (0) 
(8 1) (94) (2 18) (11 27) (12 5) (7 30) (24 17) (13 29) (2) (46 23) 
(11 27) (4 20) (81) (1) (3 10) (49) (49 8) (54) (26 19) 
(54) (14 7) (0) (48) (71) (29) 
(1 8) (1) (33 24) (2) (89) (60) (5 28) 
(7 14) (94) (15 31) (64) (40) (46 23) (77) (12 5) (17) 
(3 10) (23) (32) (12 5) 
(85) (9 25) (14 7) (53) (30 23) (17) (3 10) (8 17) (16) (24 33) 
(60) (4 20) (3 10) (86) (94) (22 38) (15 31) (80) (16 32) (43) (27 43) (28) 
(74) 
(1 8) (5) (2 18) (72) (4 20) (13 29) (12 21) (45 61) (41) (17 40) (15 31) 
(8 1) 
(10 3) (99) (26 35) (11 27) (35) (9 25) (86) (19) (33) (91) (53) (2 18) (83 42) (34 50) (22 38) (66 82) (7 14) (78) 
(10 3) (1 8) (27) (26 19) (24 17) (6 22) (42 35) (38 54) (11) (15 31) (33 40) (14 7) (23 30) (17) (73) (0) (25 41) (39) (65 56) (72 81) (43 59) (58 51) (47 63) (46 55) (98) (16 32) (9) (37) (18 34) (11) (41) (67) (50 66) (5) (10) (52) (90 83) 
(46) (4 20) (15 31) (17) (0 16) (22) (3 10) (57) (11 27) 
(12 5) (3 10) (48) (11 27) (37) (97) (63) (32) (8 17) (14 7) (4 20) 
(15 31) (26) (2 18) (1) (26 3) (7 14) (0 16) (12 5) (69) (9 25) (58) (56) (19 58) (29) (23 30) (41 57) (74 35) (56) (6 22) 
(90) (5 12) (6 22) (11 27) (8 1) (0 16) (28 21) (39) (47) (78) (49) (9 25) (40) (3 26) (87) (30 39) (90) (19 58) (43 59) (33) (38 54) (7) (2 18) (2) (80) (4 20) (50 66) (66) 
(1 8) (4 20) (15 31) (86) 
(9 25) (0) (3 10) 
(20) (26) (0 16) (2 18) (75) (91) (48) (0) (40) (40) 
(44) (8 1) (9 25) (3 10) (11 27) 
(73) (0 16) 
(3 10) (2 18) (93) (68) (10) (5 12) (0 16) 
(62) (25) (5 12) (70) (96) (43) (16 32) (4) 
(10 3) (69) (4 20) 
(14 7) (9 25) (12 5) (23 30) (59) (1 8) (58) (3 26) (64) (43) (53) (36) (53) (6 22) (90) (28 53) (62) (58 19) (24 17) (37) (62 39) (1) (43 59) (20 36) (19) (81) (12) (30) (40 65) (51 74) (16 32) (76) (81 56) (41 57) 
(6) (9 25) (1 8) (12 5) (62) (10 3) 
(14) (0 16) (1 8) (94) 
(18) (31) (61) (74) (8 1) (38) (24) (76) (0 16) (4 20) (80) (94) (3 26) (29 45) (64) (40 17) (28 5) (70) (9 25) (31 47) (85) 
(75) 
(11 27) (59) (15 31) 
(33) (11) (25) (10 3) (25 41) (57) (89) (15 31) (7 14) (37) (12 21) (2 18) (37 28) (47 63) (44 53) (30) (34 50) (63) (43) (41) (13 29) (23 46) (66 82) (45 61) (86) (97) (83) (45) (39 62) (26 35) (8 33) (22 38) (32) (66) (16 32) (49 24) (75) (69 60) (12) (55 78) (94 71) (48 64) (39) (40) (11) (5) (54 70) (42 51) (75 91) (40) (20) (72) (72) 
(14 7) (3 10) (87) (21) 
(43) (1 8) (48) (47) (62) (10) (9 25) (4 20) (30 7) (2) (41 57) (98) (27 43) (47) (62) (55) (62 39) (56) 
(8 1) (12 5) (3 10) (79) (24 17) (13 29) (40 33) (28 21) (86) (0 16) 
(11 27) (10 3) (4 20) (15 31) (43 59) 
(15 31) (69) (61) (1) (10 3) (2 18) (52) 