(0) (83) 
(0) (15) (80) (20 75) (52 91) (88 55) 
(0) (48 95) (27) 
(0) (73 86) (60) (69) (80) (31) (26 37) 
(0) 
(0) (63 16) (3) 
(0) (12) (4) (19) 
(0 15) (77) 
(0) (60) (77) (15) 
(0) (45 2) 
(0) (4) 
(0) (79) (53) (7) (28 99) (5) (42) 
(0 79) (62) (20) (41) (39) 
(0 47) (27) (64) (55) 
(0 47) 
(0) (70) (57) 
(0) (80) (17) (50 77) (33 14) (26 85) 
(0) (16) 
(0 79) (30) 
(0) (79) (76 3) 
(0) (45) (86 25) (98) 
(0 95) 
(0) (46) (1) (84 43) (94) (6) 
(0) (43 4) 
(0) (78) (80) (85) (81) (16) (91 84) (73) (11) (48) (96 95) (37 26) (6) (79) (60 35) (57 54) (63 64) (28 3) (8) (20) (94) (55) 
(0) 
(0) 
(0) (49) (67) (42 53) (61 98) (36) 
(0 15) 
(0) (82 93) 
(0) (21) (39) 
(0) (34 45) (21) 
(0) (67 44) 
(0) (64 63) 
(0) (64) (90 5) (65) (58) (51) (92 19) (74) (94) (32 79) (41) (15) (31 48) (36) (95) (22) (42) 
(0) 
(0) (25 6) (33) (69 90) (37) (17) (14) (50) (92 83) (65) 
(0) (61) (45) (51 60) 
(0) (26) (38 9) (97) (44) (17) (86 73) (61 50) (75 36) (30) 
(0) 
(0) 
(0) (27 84) 
(0 47) (9) 
(0 31) (30) (80 47) (45) (40) (89) (57 86) (26) (76) 
(0 31) (27) (50 29) (32) (34) (73 86) (97) (98) (59) (9) (26 37) 
(0 31) (85) (86) (80) (95) (63) (20 75) (51 12) 
(0 95) (19) (52) (2) (72) (6) (84) (64) (7) (34 61) (81) (69 90) (65) (87) 
(0) (6) (47) (77) 
(0) (32) (38) (26) (85) (22) (98) (42 37) (92 35) (69) (39 72) 
(0) (46) (7) (50 45) (9) (21) 
(0) (9) (88) (81) (38) (95) (91) (48) 
(0 63) (14) 
(0) (9 86) (17) (24) (82 93) (14) 
(0) (38) (70) (8) (74) (54) (98 77) (49) (10) (86) (64) (55) 
(0) (98) (17 94) (33) (51) (58) 
(0 47) (68) (4) 
(0) (57) (48) 
(0 79) (55) (58) 
(0) (38) 
(0) (22 41) (13) (11) (57) (56) (90) (54) (98) (95) (96 47) (16) (9) (73) (62) 
(0) (16) (38 89) (13 66) 
(0) (75) (53) (84) (57 54) 
(0) (82 29) (40) (45) (36) (62 65) (23) (4) 
(0 15) (84) (53) (60 83) (21) 
(0 47) (37 74) 
(0) (93) (38) (91) (40) (86 9) (32 63) (36) 
(0) (41) (51) 
(0) (81 94) (82) (12) (43 84) (32) 
(0) (82 29) (85) (81) (54) (72) (61) (24) (94) (56) (77) (38) (70) (45) (47) 
(0) (60) (13 66) (65) (19 28) (93) (97) (30 33) (36) (70) (25) (74) (41) (26 53) (12) (80) (8 7) (24) (38) (4) (94) (29) 
(0) 
(0 63) (52) (54 41) (28 3) (81) (31 32) (78) (43) (91) 
(0) 
(0 15) (38) (12) (1) (63 48) 
(0) 
(0) (44) (59) (78 81) (88) (72) (17) (95) 
(0) (84) (64) (33) 
(0) 
(0) (25) (21) (44) (93) (4) (10) (61) 
(0) (90) 
(0) (95) 
(0) (49 14) (6) 
(0 15) (2) (38) (55) 
(0) (47 48) (75) (70) (42) 
(0 79) (50) (84 27) (30) (29) (70) (34 13) (38) (58 37) (64) 
(0) (41 6) (34) 
(0 63) (36) 
(0) (77) (7) (67) 
(0) (81) (75) (40 39) (76) (41) (48) 
(0) (6) (54) (24) (14 49) (79 48) (12) (90) (75) 
(0) (36) (8) (62) 
(0) (53) (43) (80) (3 44) (69 10) 
(0) (96) (31) (91) (10 37) (19) 
(0) (39) (95) (85) (5) (14) (65) (45 2) (83) (98) (51) 
(0) (24) (89) 
(0) (82) (24) 
(0) (91 84) (11) (48) (14) 
(0) (37) (10) 
(0) (99) 
(0 79) (18 61) (46) (17 78) 
(0) (15 64) 
(0) 
(0) 
(0) (96) 
(0) (15 32) (40) 
(0) 
(0) (29 98) (63) (16) (37) (39) (97) (42) 
(0) (12 51) (8) (62) 
(0) (86 57) (7) (51 92) (9) (87 88) 
(0 15) (71) (40) (48) 
(0) (53) 
(0) (28) (63) (94) (7) (48 47) (25 22) (81) 
(0) (47) 
(0) (25) (69) (40) (52) (29) (83) (76) (57 70) (92) 
(0) (7) (26) (16) (76) 
(0) (68 11) (64 63) (75 4) (53) 
(0 31) (68) (19) (76) (36) (39) (37 90) (38) (54) (89 6) (20) (70) (10) (30) (47) (46) (86 41) (22) (74 21) 
(0 15) (74) (51 60) (57) (49) (69) (54) (38) (71 56) 
(0 31) (46) (62) 
(0) (80) (68) (81) (54) (9 38) (50 77) (19) (26 53) (2) (37 90) (64) (10) 
(0 31) (24 7) (45 34) (2) (92) (66) (11) (40) (20) (25) (80) (69) (74) 
(0) (54 25) (75) (14) 
(0) (1) (78) 
(0) 
(0) (90 85) (73) (64 47) (97) (57) (5) (68) (2) (54 25) 
(0) (31) (16) (35) 
(0) (59) 
(0) (27) (59 4) (92) (45) (11) (35 76) (3 28) (73) (88) (31) (24) 
(0) (82) (93) (19 60) (71) (14 1) (18) 
(0) (50) 
(0) (34 29) (55 56) (92) (97) (75) (17 46) (52) (42 5) (8) (9) 
(0) 
(0) (16) (41) (82) 
(0) (80 31) (79 32) 
(0) 
(0) 
(0) (89) (31) (98 93) (47) (85 58) (50 45) (27) (49) (25) 
(0) (36 59) (26) (74) (28) (89 54) (6) (3) (40) 
(0) (13 98) (7) (68) (37) 
(0 63) (80) (9) (97 94) (25) (8 23) 
(0) (24) (99) (15) (61 82) 
(0 79) (18) (68) (46) (78) 
(0) (32) (85 10) (60) (86) (35) (95) (84) (93) 
(0) (13) (91 36) 
(0) 
(0) (47 16) (33 62) 
(0) (93) (71 88) (68 59) (26) (50 29) (2) (90) (19 44) (12) (45) (16) (35) (37 74) (66) (92) (87 24) (49) (58) 
(0 79) (70) 
(0 95) (26) (10 85) (14) (5) 
(0) (23) (34) (30) (61) 
(0 63) (40 87) (25 22) (44) (41) (52) 
(0) 
(0) (24) (73) (31 96) (35 28) (5 74) (40) (99) (59 68) (84) (81) 
(0) (2) (33) 
(0) (19) (39) (50 61) 
(0 15) (89) (57) (94) (6) (3) (13) (31) (18) (29) (5) 
(0) (60) (26) (31) (81) (98) (54) (15) (91) 
(0 63) (21 90) 
(0) (17 62) (94) 
(0 47) 
(0) (9) (56) 
(0 79) (24) (12) (59) (23 88) (50) (53 90) (74) (15) (7) (81) (54) 
(0) 
(0 31) (59) 
(0 95) (19) (40) (33) (66 13) (3) (31) (74) (65) (47) (89) (73) 
(0) (8) (66) 
(0 15) (91) (51) 
(0) (89) (77) (19) (29 82) (41 70) (10) (5) (15 64) (52) (35) (51) (23) (42 37) (57) (31) (62) (92) (79) (33 14) (95 16) (63) (46) (30) (56 55) (86) 
(0 95) 
(0) (81 78) (6 9) (40) (90) 
(0) (85) (14) (11) (63) 
(0 15) (95 64) 
(0) (66) (20) (84 91) (40) (58) (96) (61 50) (45) 
(0) (62) (78 49) (93) (50 29) (36) (5) (18) (13) 
(0) 
(0) 
(0 15) 
(0 63) (49) (10) (94) (47 16) (42) 
(0) (18) 
(0) (10) (86) (32) 
(0 47) (75) 
(0) 
(0) (74) 
(0 63) (98) (44) (87) (65) (53) (7) (55) 
(0) (67) (15) (41) (47) (72) 
(0) 
(0) 
(0) (34) (54) 
(0 31) (51) 
(0 31) (54) 
(0) (58) (92 67) (96) 
(0) (11 4) 
(0) 
(0) (52 59) 
(0) (43 52) (13) (29) (89 6) (95) 
(0 31) (21) (93 66) (58) (34) (45) 
(0) (5) 
(0) (63) (6) 
(0) 
(0 31) (28) 
