(92) (96) (55) (50) (85 22) (53 5) (58) (63) (36) (21 81)
(85 25) (27 84) (22 87) (43) (95) (77) (35) (75) (55) (20) (53 97)
(85 21)
(85 73) (55) (5 81) (53 38) (37 1) (32)
(55) (48) (21 41) (42) (95) (22) (76) (73) (31) (5 69) (6 87) (3) (77) (20) (27) (86)
(37 21) (20) (69 53)
(69 85)
(69 37) (43) (85 5) (21 9) (95 12) (53 1) (25) (96)
(5 69) (57) (53 85) (30) (65 96) (20 12) (15) (80) (88)
(5 85)
(5 21) (45 93) (29) (58) (91) (36 31)
(21 54) (53 57) (37 85)
(37 25) (69 21) (5) (64) (50)
(37 73) (93 13) (6) (53 4) (91 1) (28)
(28 22) (74) (25) (85 53) (83) (79) (4 21)
(53 69) (38) (84) (70 37) (9) (82)
(21 9)
(85 9) (22) (53 36) (5 21) (23) (34) (29) (96 4)
(53 4) (38) (5 17) (70) (76) (37 69)
(76 30) (42) (66) (27 95) (11 55) (21 70) (5 3)
(85 21) (68)
(85) (6) (20 48) (53 70) (75 97) (21 17) (59) (76)
(21 53) (1 29)
(53 85) (45) (29 66)
(3 66) (64)
(64 86) (39) (5 21) (61) (66) (84) (94)
(5 53) (82) (63) (70 23) (60 32) (69 54) (85 37) (33 42)
(5 21) (81) (85 89) (61 91)
(81 93) (97)
(21 81) (64)
(81 50) (26) (42) (80) (69 36)
(42) (86) (2) (69 21)
(69 53) (28) (24 6) (48) (37) (31) (93) (50) (5)
(37 49) (85 68)
(37 17) (65) (35) (85 84)
(37) (91) (28 51) (53 73) (5 85) (63) (93)
(5 53) (85 86)
(5 53) (21 9) (69 86)
(53 84) (86 65) (60) (78) (89) (50) (79 94) (39) (85 22) (29) (21 5) (37 69)
(37 4) (41) (26) (92) (84 2) (85)
(37) (69 5)
(69 53)
(85 53) (37 21)
(37 80) (38) (5 69) (81) (49) (54) (21 4) (98)
(21 53)
(53 5)
(21 5) (85 37) (48) (26)
(21 6) (37 85)
(21) (50 96) (37) (53 68)
(37 49) (14)
(37 70) (21 54)
(37 38) (83) (84) (99) (7) (46 15) (53 49)
(53 85) (69 49) (94) (41)
(37 41) (69 5) (43) (20) (53 54)
(20) (5 4) (18) (22)
(51 22) (85 89) (42 95) (1 14)
(1) (9) (31 70) (0) (5 6) (21 85) (77 28) (37 54)
(5 69) (21 9) (8) (17) (44)
(85 69) (80 6)
(69 6) (5) (85 57) (37 17) (38)
(85 21) (69 53) (15)
(63 15) (89) (66) (16) (53 4) (45) (34 49) (21 69) (37 6) (5 22) (8) (67) (51)
(21 57) (95 96) (34 85) (44) (84)
(85) (57) (68) (21 37) (69 5)
(37 21)
(5 37) (77 79) (21 81)
(37 53) (23) (65) (50) (69 5)
(69 21) (92) (87 77) (14 64) (53 54)
(69 89) (37 20) (97) (95) (53 21) (22) (55) (23) (96 50)
(96) (85) (41)
(5 41) (86) (59) (30) (82)
(38 5) (53 33) (74) (71) (37) (22) (58) (87) (30) (89)
(89 7)
(7 97)
(81 97) (6) (53 41) (70 17)
(37 53) (15) (90 23) (58) (4)
(21 37) (86)
(21 5)
(21 53) (69 73) (80)
(37 73) (54) (88) (5 9) (48) (85 53)
(5 65)
(5 37) (21 4) (36 18) (22)
(37 20) (3 21)
(50 3) (85 86) (98 64)
(53 85) (87) (37 65) (70) (93)
(87) (45)
(76 87) (49) (11 63) (81) (55) (75) (15) (6) (5 73) (57) (91 17) (53 84) (21 1) (4)
(53 22) (98) (16) (77) (37 49) (93)
(21 53) (62) (28) (37 89) (5 36)
(5 20) (47) (67 78) (3) (75 84) (73) (54)
(37 5)
(69 37)
(69 57) (85 5) (66)
(21 5) (85 57) (17) (37 69) (86 7) (65) (2)
(2 69) (17) (13 11) (15 56) (89)
(2 0) (8) (94 97) (68) (38 58) (89) (21 37)
(0) (53 5) (21 70) (8) (47) (88) (37 68) (55) (85 52) (18) (11)
(55) (53 49) (48)
(48) (99) (90 77) (21 37) (47)
(21 69)
(69 37) (63)
(5 69)
(5 85) (89)
(69 85) (12) (89)
(85 69) (56 36) (21 6)
(85 33) (5 70) (79) (91) (23 14)
(5 37) (96)
(85 37) (46 76) (9 99) (36 47) (21 69)
(37 86) (93) (98 88) (21 85) (76) (15) (49 10)
(5 85) (37 41) (76) (65)
(21 65) (10) (69 85) (14)
(21) (58) (2) (54) (5) (43) (29) (34 24) (79 68) (31) (53 37)
(54) (85 21)
(21 41) (42) (81) (73 30)
(85 41) (35) (5 21) (53 69) (3)
(85 5) (11) (47) (21 97)
(85 21) (25) (37 53)
(69 53) (55 21) (95)
(5 69)
(69 1) (49) (37 53) (60) (67 93) (5 65)
(85 69) (80 99) (58)
(53 69) (70 93) (48 60) (99) (40)
(85 69)
(69 4) (76) (64) (53)
(3 4) (35 59) (32) (38) (21 37)
(21 20) (25) (68) (69 9) (81) (49) (77) (5 85) (84)
(53 69) (11) (56) (88 43) (75) (14 82) (37 21) (79)
(11) (20) (18) (37 96) (91) (21 22)
(96) (37 21) (85 25)
(5 85) (53 37) (44) (22) (4 94)
(85 21)
(37 85) (30) (80 94) (88) (21 53)
(53 85) (29 5)
(53 37) (0) (58)
(53 85) (3) (41) (50) (94) (83)
(85 22) (8) (59 89)
(37 89) (5 65) (94) (30) (4) (51 72)
(4) (5 53)
(5 65) (21 37)
(21 5) (69 65) (68 19) (49) (15) (85 33) (27)
(37 85) (93) (23)
(85 20) (37 21) (69 4) (98 8) (78 19) (9)
(69 21)
(69 20) (24) (64) (63) (0) (53 5) (59) (40 26) (85 68) (76 54) (87) (67)
(69 52) (85 33) (4)
(52 24) (63 0) (7 87) (19) (72) (37 97)
(37 97) (69) (59 74) (82) (53 54) (85 5)
(37 85)
(85 22)
(69 85) (15) (11 47) (17) (5 21)
(37 5) (17)
(37 53) (69 81) (57)
(5 37) (41 82)
(5 1)
(21 5) (43)
(53 21) (39 2) (20)
(53 37) (69 36) (86 29) (38)
(5 53)
(5 53) (85 21) (76)
(21 54) (3) (5 85) (73 68)
(69 85) (53 6) (43 49) (5 37) (71) (68) (86) (73)
(68) (26) (44 7) (53) (25) (36) (48) (74 29)
(33 36) (88 98) (69 87) (59)
(17 36) (53 21) (26) (18) (3) (47 98) (27 44) (31) (19) (69 37)
(19) (37 85)
(37) (53 21) (85 49) (87 28)
(53 85) (83) (69 49) (2) (47 74) (71) (22 25) (21) (7 81) (11 77) (37 97)
(85 81) (16) (63 90) (59)
(85) (11) (48 75) (28) (61 0) (80) (23 93) (45 34) (40) (17 99) (53 49) (26) (5 37)
(5 85) (3) (37 21) (69 53) (11) (92)
(21 37) (60) (53 65) (83) (5 52)
(53 85)
(85 22) (33)
(69 22) (0)
(69 21) (23) (17) (67) (70) (48) (59) (98) (53 73) (72) (94) (85 89) (5 41) (82 0)
(53 54) (59)
(21 54) (58) (41 18) (27) (99) (73)
(21 5) (89) (93) (98) (63) (1 44)
(5 52) (21 17)
(5 37) (69 21)
(37 69) (53 68) (6) (41) (85 21) (97)
(37 97) (53 86) (72) (85 17) (43) (59 49) (12) (78 67)
(72) (94) (37 53) (76) (26) (49) (64 29) (96) (98 39) (90) (21 5) (55) (14)
(94 3) (85 36) (83) (45) (99) (53 5) (46) (89 6) (21 68) (90)
(29 3) (69 85) (53 89) (19) (96)
(85 37) (62)
(37 63) (98) (74) (81) (53 84) (87) (97 54) (17) (8 72)
(69 53) (32) (21 85) (2) (22 31)
(5 21) (92) (6 84) (35) (26) (69 38) (48) (52) (37 53) (82)
(5 36) (37 9) (31 94) (69 89) (21) (29) (2)
(53 9)
(5 53) (77) (13) (89 54)
(53 85) (84 52) (81)
(53 6) (66) (15) (69 65) (5) (73)
(73) (38) (86 44)
(53 73) (99 83) (29) (54 39) (23) (37 69)
(37 41) (52) (1 56) (44) (81) (49) (4) (68 29) (46)
(69 37) (53 81) (5 41)
(85 5) (53 86) (80) (30)
(53 25)
(69 53)
(69 84) (75) (37 52)
(69 53) (33 40) (60) (9) (85 25)
(69 85) (27) (95) (90)
(85 70) (57) (27) (53 69) (51) (76) (75) (65) (63)
(69 53) (97) (21 65)
(53 85) (77) (84) (68)
(77) (45) (63) (33) (1) (21) (62) (92) (22) (36) (86)
(22) (42) (32) (19) (16) (3) (64) (43) (9) (74) (30)
(30) (19) (90) (73) (12) (61) (85)
(85) (70) (39) (36) (13) (34) (46) (59) (42) (30) (82) (8)
