(32 49) 
(0 52) 
(47) 
(88) (75 10) (74) 
(74 30) 
(32 17) (3 2) 
(0) (57 37) 
(90 62) 
(16) 
(27) 
(97) 
(2) (62 31) 
(56) 
(85) 
(6 53) (95) 
(12 13) 
(45) 
(26 25) (34) (56) 
(99 18) (25 26) (1) (45 44) (42 46) 
(35 55) (47 91) 
(21 38) (48 20) (98) 
(15) (76) (22) 
(82) (14) 
(80) (50) (76 24) (75 7) (60 77) 
(75 15) (81 53) 
(28 8) (48 17) 
(83) (27 39) (42) (94 93) 
(49) 
(99 39) 
(93 9) 
(12) (49) (41 37) (83) (89) 
(5 89) 
(35 98) (59 42) 
(86) 
(67) (22) 
(95) 
(51 18) 
(1 32) (58) 
(2) (89 56) 
(62) (11 87) 
(35) 
(7) (82) 
(43) 
(37 68) 
(1) 
(13 78) 
(51 2) (50 17) 
(27 63) 
(96 1) 
(10 54) 
(31) 
(71 91) 
(44 29) 
(61 41) 
(90 43) (83 55) (24 52) (23) 
(21 33) (87) (8 92) 
(61 92) (92) 
(75) 
(17 18) (72) 
(82 1) (54 90) 
(10) (55 99) (10 70) 
(14 93) 
(2 86) (3) 
(24 25) (71 22) 
(23) 
(66) (51 2) 
(75) 
(47 27) (34 19) 
(77) (56 4) 
(96 49) 
(75) (78) 
(11 42) (59) (6 53) (91) 
(38 10) (72) 
(84) (85 9) (54 10) 
(90 57) 
(7) (0 52) 
(76 93) (20) (91) (57) (10 9) (60) 
(36 69) (83) (0 65) 
(17) (22) (3) (17 34) (0 1) (89) 
(50 65) (81) 
(29) (65 50) 
(79 75) (73) 
(82 33) 
(16 20) (34) (63 91) 
(81 5) (48 49) 
(11 55) 
(50) (14) (79 43) (50) (35 39) 
(97 98) 
(96) (32) 
(30) (53 73) (68 72) 
(73) 
(54) 
(45) (27) 
(45 12) (2) (56 68) (67 23) 
(14) (16) (99 50) 
(31 27) 
(81 2) 
(29 9) (28 29) 
(15 75) 
(26) (26 14) 
(7) 
(39) (37) 
(18) 
(49 48) 
(69) 
(68 37) (52) (56 25) 
(60) (29) (28) (9 8) 
(68) 
(94) (93 92) 
(22) (72) 
(69) (46) 
(60) 
(6 58) 
(83 87) 
(87) (86) 
(66) (27) (61 73) 
(63 78) 
(83) (40 57) (16) 
(71 6) 
(52) 
(48 97) (95 11) 
(5 49) 
(36 72) (92) 
(66 86) 
(69 20) 
(11 23) 
(51) 
(4) 
(30 61) (83) (31 43) 
(19) (30 79) (94) (4) (8) 
(75) (60 8) (27 71) 
(27) (77 89) 
(74 14) (38) (0) 
(85) (95) (77) (94) (82) 
(86) 
(28 88) 
(19 66) 
(59) (47 27) (31 91) (23) (72 92) 
(69) 
(80 36) (52 69) 
(52 53) (95) (30) 
(68) 
(10 86) 
(84 37) (38) (83 66) (76) 
(67 23) 
(52 69) (61) 
(22 10) 
(8) (12) 
(11) (11) (78 15) 
(27) (8 52) 
(75 26) 
(83 39) (87 83) 
(14 79) (93) (42 94) (41 24) (44) 
(22 98) (28 8) 
(66 81) (96 52) 
(26 86) 
(17 96) 
(55 83) (26) 
(91) (65 85) (22) (75 87) 
(5 65) (16) (84) 
(30) (2 33) (45 76) 
(3) 
(33 80) 
(91 58) (60) (76) (36) 
(96) (16 33) 
(92 88) (65) 
(53) (89 93) (22) 
(24) 
(73) 
(69) 
(31 62) 
(83) (65 34) (91) 
(72 36) 
(45 28) 
(51 39) 
(3 23) 
(9) (32) (19 55) 
(72) 
(64 20) 
(72 41) (8 25) (39) (20) 
(16 84) (23) 
(53 65) (23 22) 
(92 72) (52) 
(67 55) (29 94) (54) (42) (70 34) (15 43) (17) 
(15 27) (7) 
(19) 
(81) (24) 
(46) 
(55) 
(69 68) (98 3) 
(92) 
(97 96) (4 21) 
(70 55) 
(76) 
(67) 
(7) (33) (72) (67) 
(59 31) (96 4) (37 65) 
(24) (18) (31 91) 
(55) 
(18) 
(38) (65) (93 73) 
(99 39) 
(42) (68 69) 
(34 99) 
(69) (31) 
(73) (50) 
(10) (74) 
(83) (80 52) (36 0) (29 60) (5) (6) 
(40 12) 
(81 48) (81) 
(41) 
(34) (24) (1) 
(98 17) (8) 
(72) 
(57 77) (51 87) 
(63) 
(18) (87 99) (8 4) (10) (62 47) 
(96 68) 
(99) 
(95) 
(64 49) (13 94) 
(58) 
(36 80) (39 19) 
(90) (83) 
(63) 
(38) 
(78) 
(65) (91) (46 29) (10 70) 
(76 72) 
(68 16) (64) 
(47 75) (77) 
(32) 
(56 28) (28 24) (53 57) 
(20) 
(69 33) (46 93) (73 8) 
(40 68) (51 39) (98) 
(60) 
(26 6) 
(91 42) 
(1 69) (31 94) (70 82) (71 19) (80) 
(15 43) (73 74) 
(57) 
(34) (75 71) (30 74) (85) 
(23) 
(98 67) (7 6) (62) (73 21) (65) 
(91 10) 
(41 10) 
(74 30) (89 56) (39 6) 
(18) (26 73) (63 75) (98 83) (47 46) (51) 
(67) 
(26 86) (23) (63 91) (43 74) 
(74 89) (84 72) (82) (26 41) (9 42) (73) (83 18) (11 90) 
(79 30) (96 84) 
(84) (54 2) (33) 
(2 70) 
(7 86) 
(58) 
(20 37) (71 70) (93 44) (16 65) 
(28 93) 
(10 89) (50 22) 
(98) (48 20) 
(26 41) 
(27) (42 22) 
(15 46) 
(29) (82 19) 
(5 6) (24) 
(68) (4 16) 
(16) (12 45) (33) (18 22) (14 31) (84) (63) 
(69) 
(28 40) (94) (58) 
(18 54) (81 5) 
(77 9) 
(37) (46 26) (93) (51) (80) (63 94) (44) (24 92) 
(11) (73 45) 
(93) 
(65 21) (46) 
(30 58) (98) 
(85) 
(90) (0 20) (62 77) 
(74) 
(40 57) (65) (71 75) 
(47) 
(15) 
(67 82) (97 69) (11 26) 
(62) 
(77) 
(84) 
(26) (8 25) 
(58 43) (89 61) 
(50) 
(98) 
(70) (97 5) 
(31) (1) 
(45) (50) 
(67 34) (21) (0) 
(56) 
(23) (91) (88) 
(18) 
(30 26) 
(70 37) 
(22 74) (86 39) 
(87) (28 88) (82 22) 
(98 70) (64 17) (11) 
(5 65) (50) 
(96 52) (31) (40) 
(85) (76) 
(25 42) 
(35) (38 58) (64) (63) 
(32 17) (1 34) (68 40) 
(75) (13 60) (44) (59 87) (9 74) (86) 
(18 67) (74 38) (13) 
(53) (92) 
(61 28) 
(70 58) (14) 
(45 44) (75 63) (51) (61) (99) (48 65) 
(94 13) (54) 
(55) (22 10) (50 99) 
(96 17) 
(26) (75 90) (89 45) (0) 
(92) 
(67) 
(70 5) (56) 
(56 89) (35 82) (55) 
(59 55) (76) 
(86 69) (28 24) (43 63) 
(67 2) 
(34) 
(24) 
(48) 
(64) 
(35) 
(67 98) 
(74) 
(50) (82) 
(83) (34 86) (41 93) (51) (91) 
(1 98) (60 93) (36) (75) (27 7) (90 94) 
(73 61) (97 37) 
(34 65) (24) 
(31) (3 18) 
(48) 
(8 9) 
(38) 
(19) 
(74) 
(20) 
(41 42) (99 7) (81) 
(66 67) (17 5) (62 13) (77) 
(83) (91 23) (10) 
(43) (2 17) 
(28) 
(67 71) (4 16) 
(35) 
(78) (12) (25) 
(50) (19 18) 
(4 88) 
(0) (87 43) 
(48 20) (70) 
(3) 
(87 83) 
(41 69) (51 23) (74) (71 6) 
(59 74) 
(44 72) 
(60 72) 
(89) 
(36) (29) 
(46) (65) (8 9) 
(24 89) (78 31) 
(4 80) (62 79) 
(0 17) (1) (17 50) 
(95 59) 
(10 75) (22 37) (44) 
(0 65) 
(56 44) 
(56 44) (52 53) (49) 
(49 32) (10 78) (92) 
(43 39) (0) (71) (80 36) (87 22) 
(74) 
(6 90) 
(67 18) 
(35 2) (48) 
(70) (71) (93 28) 
(97) 
(90 70) 
(11) (88 76) (65) 
(84) (38) 
(81 37) (63 27) 
(23 27) 
(27 15) (79) 
(25 45) 
(65 50) 
(68 69) (60) 
(87 6) 
(26 43) (44 77) (19) 
(77 25) 
(83) (14) (75 58) 
(33 66) 
(60) (0) (66) (23 51) (12 13) 
(94) 
(13 46) 
(25) 
(32) (50) 
(46 13) 
(66 99) (87) 
(36 21) (15) 
(14 74) 
(94) 
(55 70) 
(70 18) (26 70) (52 0) (78) 
(67) (54) (67) (33 16) 
(48) 
(8 20) (89) 
(34 3) 
(64 49) 
(31) 
(69 97) 
(34) (88) 
(8 89) 
(56 92) 
(39) (32 65) 
(13) 
(51) (69) 
(29) (89 72) 
(83 98) 
(43 15) 
(34 1) 
(67) 
(75 31) (95) (0) (45) 
(27 79) 
(84 69) (22) 
(79) (54) 
(45 44) 
(39) 
(70 39) 
(84) 
(77) 
(60) (6) (61 73) 
(34) 
(35) 
(17 18) 
(72) (30 90) (27 71) 
(35 71) 
(79) (45 57) 
(56) (70) (50 17) (45) (82 22) 
(1 48) 
(24 92) 
(82) 
(81) (53 86) 
(52 48) 
(28) 
(46) 
(58) (69) (44 24) (66) 
(55 86) (22) (51) 
(52 40) 
(2) (55 11) (43) (64) (58) 
(39) 
(39) 
(40 57) (65 16) 
(25) (26) 
(81 34) 
(30) (30 45) 
(38) 
(21) (10) 
(89) (79 78) (83 55) 
(35 82) 
(67 50) 
(11 23) 
(11) 
(30 15) (0) (23) 
(43) 
(34 33) (28) (1 18) (43) 
(35 18) 
(50) 
(97 34) (14 95) 
(30 42) 
(11 42) 
(92 77) 
(82) (5) (23) 
(98 22) 
(61) 
(60 8) (40 57) (32) (74) (75 39) 
(83) 
(70 85) 
(37 84) 
(86 23) (35 34) 
(23) 
(98 99) (49) (45) (94 95) (83 23) (39 99) (58) 
(76) (48 84) (89 90) (33 16) 
(75) 
(32) (48 20) 
(7 91) 
(43 55) (97 98) (68) 
(68) 
(4 48) 
(62) 
(45 94) (86 34) 
(83 34) (71 75) 
(0 97) 
(50) 
(44) 
(46 47) (93) 
(54 2) (24 36) 
(80) (23) 
(9 29) (0 81) 
(31 78) 
(40 76) 
(69 6) 
(92 24) 
(40) (82 54) (64 52) 
(52 85) (19) (28 8) 
(3) (20) 
(7) (33) 
(57 90) 
(53 41) 
(81 2) 
(12) (47) 
(83 34) 