H(0) H(1) H(2) H(3) H(4) H(5) H(6) H(7) H(8) H(9) H(10) H(11) H(12) H(13) H(14) H(15) H(16) H(17) H(18) H(19) H(20) H(21) H(22) H(23) H(24) H(25) H(26) H(27) H(28) H(29) H(30) H(31) H(32) H(33) H(34) H(35) H(36) H(37) H(38) H(39) H(40) H(41) H(42) H(43) H(44) H(45) H(46) H(47) H(48) H(49) H(50) H(51) H(52) H(53) H(54) H(55) H(56) H(57) H(58) H(59) H(60) H(61) H(62) H(63) H(64) H(65) H(66) H(67) H(68) H(69) H(70) H(71) H(72) H(73) H(74) H(75) H(76) H(77) H(78) H(79) H(80) H(81) H(82) H(83) H(84) H(85) H(86) H(87) H(88) H(89) H(90) H(91) H(92) H(93) H(94) H(95) H(96) H(97) H(98) H(99) H(100) H(101) H(102) H(103) H(104) H(105) H(106) H(107) H(108) H(109) H(110) H(111)
U3(0) U3(1) U3(2) U3(3) U3(4) U3(5) U3(6) U3(7) U3(8) U3(9) U3(10) U3(11) U3(12) U3(13) U3(14) U3(15) U3(16) U3(17) U3(18) U3(19) U3(20) U3(21) U3(22) U3(23) U3(24) U3(25) U3(26) U3(27) U3(28) U3(29) U3(30) U3(31) U3(32) U3(33) U3(34) U3(35) U3(36) U3(37) U3(38) U3(39) U3(40) U3(41) U3(42) U3(43) U3(44) U3(45) U3(46) U3(47) U3(48) U3(49) U3(50) U3(51) U3(52) U3(53) U3(54) U3(55) U3(56) U3(57) U3(58) U3(59) U3(60) U3(61) U3(62) U3(63) U3(64) U3(65) U3(66) U3(67) U3(68) U3(69) U3(70) U3(71) U3(72) U3(73) U3(74) U3(75) U3(76) U3(77) U3(78) U3(79) U3(80) U3(81) U3(82) U3(83) U3(84) U3(85) U3(86) U3(87) U3(88) U3(89) U3(90) U3(91) U3(92) U3(93) U3(94) U3(95) U3(96) U3(97) U3(98) U3(99) U3(100) U3(101) U3(102) U3(103) U3(104) U3(105) U3(106) U3(107) U3(108) U3(109) U3(110) U3(111)(0) (1) (2) (3) (4) (5) (6) (7) (8) (9) (10) (11) (12) (13) (14) (15) (16) (17) (18) (19) (20) (21) (22) (23) (24) (25) (26) (27) (28) (29) (30) (31) (32) (33) (34) (35) (36) (37) (38) (39) (40) (41) (42) (43) (44) (45) (46) (47) (48) (49) (50) (51) (52) (53) (54) (55) (56) (57) (58) (59) (60) (61) (62) (63) (64) (65) (66) (67) (68) (69) (70) (71) (72) (73) (74) (75) (76) (77) (78) (79) (80) (81) (82) (83) (84) (85) (86) (87) (88) (89) (90) (91) (92) (93) (94) (95) (96) (97) (98) (99) (100) (101) (102) (103) (104) (105) (106) (107) (108) (109) (110) (111)
(0 16) (1 17) (2 18) (3 19) (4 20) (5 21) (6 22) (7 23) (8 24) (9 25) (10 26) (11 27) (12 28) (13 29) (14 30) (15 31)
(0) (16 32) (1) (17 33) (2) (18 34) (3) (19 35) (4) (20 36) (5) (21 37) (6) (22 38) (7) (23 39) (8) (24 40) (9) (25 41) (10) (26 42) (11) (27 43) (12) (28 44) (13) (29 45) (14) (30 46) (15) (31 47)
(16) (32 48) (17) (33 49) (18) (34 50) (19) (35 51) (20) (36 52) (21) (37 53) (22) (38 54) (23) (39 55) (24) (40 56) (25) (41 57) (26) (42 58) (27) (43 59) (28) (44 60) (29) (45 61) (30) (46 62) (31) (47 63)
(0 16) (32) (48 64) (1 17) (33) (49 65) (2 18) (34) (50 66) (3 19) (35) (51 67) (4 20) (36) (52 68) (5 21) (37) (53 69) (6 22) (38) (54 70) (7 23) (39) (55 71) (8 24) (40) (56 72) (9 25) (41) (57 73) (10 26) (42) (58 74) (11 27) (43) (59 75) (12 28) (44) (60 76) (13 29) (45) (61 77) (14 30) (46) (62 78) (15 31) (47) (63 79)
(0) (16 32) (48) (64) (1) (17 33) (49) (65) (2) (18 34) (50) (66) (3) (19 35) (51) (67) (4) (20 36) (52) (68) (5) (21 37) (53) (69) (6) (22 38) (54) (70) (7) (23 39) (55) (71) (8) (24 40) (56) (72) (9) (25 41) (57) (73) (10) (26 42) (58) (74) (11) (27 43) (59) (75) (12) (28 44) (60) (76) (13) (29 45) (61) (77) (14) (30 46) (62) (78) (15) (31 47) (63) (79)
(16) (32 48) (17) (33 49) (18) (34 50) (19) (35 51) (20) (36 52) (21) (37 53) (22) (38 54) (23) (39 55) (24) (40 56) (25) (41 57) (26) (42 58) (27) (43 59) (28) (44 60) (29) (45 61) (30) (46 62) (31) (47 63)
(0 16) (32) (48 64) (1 17) (33) (49 65) (2 18) (34) (50 66) (3 19) (35) (51 67) (4 20) (36) (52 68) (5 21) (37) (53 69) (6 22) (38) (54 70) (7 23) (39) (55 71) (8 24) (40) (56 72) (9 25) (41) (57 73) (10 26) (42) (58 74) (11 27) (43) (59 75) (12 28) (44) (60 76) (13 29) (45) (61 77) (14 30) (46) (62 78) (15 31) (47) (63 79)
(0) (16 32) (48) (64) (1) (17 33) (49) (65) (2) (18 34) (50) (66) (3) (19 35) (51) (67) (4) (20 36) (52) (68) (5) (21 37) (53) (69) (6) (22 38) (54) (70) (7) (23 39) (55) (71) (8) (24 40) (56) (72) (9) (25 41) (57) (73) (10) (26 42) (58) (74) (11) (27 43) (59) (75) (12) (28 44) (60) (76) (13) (29 45) (61) (77) (14) (30 46) (62) (78) (15) (31 47) (63) (79)
(16) (32 48) (17) (33 49) (18) (34 50) (19) (35 51) (20) (36 52) (21) (37 53) (22) (38 54) (23) (39 55) (24) (40 56) (25) (41 57) (26) (42 58) (27) (43 59) (28) (44 60) (29) (45 61) (30) (46 62) (31) (47 63)
(0 16) (32) (48 64) (1 17) (33) (49 65) (2 18) (34) (50 66) (3 19) (35) (51 67) (4 20) (36) (52 68) (5 21) (37) (53 69) (6 22) (38) (54 70) (7 23) (39) (55 71) (8 24) (40) (56 72) (9 25) (41) (57 73) (10 26) (42) (58 74) (11 27) (43) (59 75) (12 28) (44) (60 76) (13 29) (45) (61 77) (14 30) (46) (62 78) (15 31) (47) (63 79)
(0) (16 32) (48) (64) (1) (17 33) (49) (65) (2) (18 34) (50) (66) (3) (19 35) (51) (67) (4) (20 36) (52) (68) (5) (21 37) (53) (69) (6) (22 38) (54) (70) (7) (23 39) (55) (71) (8) (24 40) (56) (72) (9) (25 41) (57) (73) (10) (26 42) (58) (74) (11) (27 43) (59) (75) (12) (28 44) (60) (76) (13) (29 45) (61) (77) (14) (30 46) (62) (78) (15) (31 47) (63) (79)
(16) (32 48) (17) (33 49) (18) (34 50) (19) (35 51) (20) (36 52) (21) (37 53) (22) (38 54) (23) (39 55) (24) (40 56) (25) (41 57) (26) (42 58) (27) (43 59) (28) (44 60) (29) (45 61) (30) (46 62) (31) (47 63)
(0 16) (32) (48 64) (1 17) (33) (49 65) (2 18) (34) (50 66) (3 19) (35) (51 67) (4 20) (36) (52 68) (5 21) (37) (53 69) (6 22) (38) (54 70) (7 23) (39) (55 71) (8 24) (40) (56 72) (9 25) (41) (57 73) (10 26) (42) (58 74) (11 27) (43) (59 75) (12 28) (44) (60 76) (13 29) (45) (61 77) (14 30) (46) (62 78) (15 31) (47) (63 79)
(0) (16 32) (48) (64) (1) (17 33) (49) (65) (2) (18 34) (50) (66) (3) (19 35) (51) (67) (4) (20 36) (52) (68) (5) (21 37) (53) (69) (6) (22 38) (54) (70) (7) (23 39) (55) (71) (8) (24 40) (56) (72) (9) (25 41) (57) (73) (10) (26 42) (58) (74) (11) (27 43) (59) (75) (12) (28 44) (60) (76) (13) (29 45) (61) (77) (14) (30 46) (62) (78) (15) (31 47) (63) (79)
(16) (32 48) (17) (33 49) (18) (34 50) (19) (35 51) (20) (36 52) (21) (37 53) (22) (38 54) (23) (39 55) (24) (40 56) (25) (41 57) (26) (42 58) (27) (43 59) (28) (44 60) (29) (45 61) (30) (46 62) (31) (47 63)
(0 16) (32) (48 64) (1 17) (33) (49 65) (2 18) (34) (50 66) (3 19) (35) (51 67) (4 20) (36) (52 68) (5 21) (37) (53 69) (6 22) (38) (54 70) (7 23) (39) (55 71) (8 24) (40) (56 72) (9 25) (41) (57 73) (10 26) (42) (58 74) (11 27) (43) (59 75) (12 28) (44) (60 76) (13 29) (45) (61 77) (14 30) (46) (62 78) (15 31) (47) (63 79)
(0) (16 32) (48) (64) (1) (17 33) (49) (65) (2) (18 34) (50) (66) (3) (19 35) (51) (67) (4) (20 36) (52) (68) (5) (21 37) (53) (69) (6) (22 38) (54) (70) (7) (23 39) (55) (71) (8) (24 40) (56) (72) (9) (25 41) (57) (73) (10) (26 42) (58) (74) (11) (27 43) (59) (75) (12) (28 44) (60) (76) (13) (29 45) (61) (77) (14) (30 46) (62) (78) (15) (31 47) (63) (79)
(16) (32 48) (17) (33 49) (18) (34 50) (19) (35 51) (20) (36 52) (21) (37 53) (22) (38 54) (23) (39 55) (24) (40 56) (25) (41 57) (26) (42 58) (27) (43 59) (28) (44 60) (29) (45 61) (30) (46 62) (31) (47 63)
(32) (48 64) (33) (49 65) (34) (50 66) (35) (51 67) (36) (52 68) (37) (53 69) (38) (54 70) (39) (55 71) (40) (56 72) (41) (57 73) (42) (58 74) (43) (59 75) (44) (60 76) (45) (61 77) (46) (62 78) (47) (63 79)
(48) (64) (49) (65) (50) (66) (51) (67) (52) (68) (53) (69) (54) (70) (55) (71) (56) (72) (57) (73) (58) (74) (59) (75) (60) (76) (61) (77) (62) (78) (63) (79)
(48) (64) (49) (65) (50) (66) (51) (67) (52) (68) (53) (69) (54) (70) (55) (71) (56) (72) (57) (73) (58) (74) (59) (75) (60) (76) (61) (77) (62) (78) (63) (79)
(32) (48 64) (33) (49 65) (34) (50 66) (35) (51 67) (36) (52 68) (37) (53 69) (38) (54 70) (39) (55 71) (40) (56 72) (41) (57 73) (42) (58 74) (43) (59 75) (44) (60 76) (45) (61 77) (46) (62 78) (47) (63 79)
(16) (32 48) (17) (33 49) (18) (34 50) (19) (35 51) (20) (36 52) (21) (37 53) (22) (38 54) (23) (39 55) (24) (40 56) (25) (41 57) (26) (42 58) (27) (43 59) (28) (44 60) (29) (45 61) (30) (46 62) (31) (47 63)
(0) (16 32) (48) (64) (1) (17 33) (49) (65) (2) (18 34) (50) (66) (3) (19 35) (51) (67) (4) (20 36) (52) (68) (5) (21 37) (53) (69) (6) (22 38) (54) (70) (7) (23 39) (55) (71) (8) (24 40) (56) (72) (9) (25 41) (57) (73) (10) (26 42) (58) (74) (11) (27 43) (59) (75) (12) (28 44) (60) (76) (13) (29 45) (61) (77) (14) (30 46) (62) (78) (15) (31 47) (63) (79)
(0 16) (32) (48 64) (1 17) (33) (49 65) (2 18) (34) (50 66) (3 19) (35) (51 67) (4 20) (36) (52 68) (5 21) (37) (53 69) (6 22) (38) (54 70) (7 23) (39) (55 71) (8 24) (40) (56 72) (9 25) (41) (57 73) (10 26) (42) (58 74) (11 27) (43) (59 75) (12 28) (44) (60 76) (13 29) (45) (61 77) (14 30) (46) (62 78) (15 31) (47) (63 79)
(16) (32 48) (17) (33 49) (18) (34 50) (19) (35 51) (20) (36 52) (21) (37 53) (22) (38 54) (23) (39 55) (24) (40 56) (25) (41 57) (26) (42 58) (27) (43 59) (28) (44 60) (29) (45 61) (30) (46 62) (31) (47 63)
(0) (16 32) (48) (64) (1) (17 33) (49) (65) (2) (18 34) (50) (66) (3) (19 35) (51) (67) (4) (20 36) (52) (68) (5) (21 37) (53) (69) (6) (22 38) (54) (70) (7) (23 39) (55) (71) (8) (24 40) (56) (72) (9) (25 41) (57) (73) (10) (26 42) (58) (74) (11) (27 43) (59) (75) (12) (28 44) (60) (76) (13) (29 45) (61) (77) (14) (30 46) (62) (78) (15) (31 47) (63) (79)
(0 16) (32) (48 64) (1 17) (33) (49 65) (2 18) (34) (50 66) (3 19) (35) (51 67) (4 20) (36) (52 68) (5 21) (37) (53 69) (6 22) (38) (54 70) (7 23) (39) (55 71) (8 24) (40) (56 72) (9 25) (41) (57 73) (10 26) (42) (58 74) (11 27) (43) (59 75) (12 28) (44) (60 76) (13 29) (45) (61 77) (14 30) (46) (62 78) (15 31) (47) (63 79)
(16) (32 48) (17) (33 49) (18) (34 50) (19) (35 51) (20) (36 52) (21) (37 53) (22) (38 54) (23) (39 55) (24) (40 56) (25) (41 57) (26) (42 58) (27) (43 59) (28) (44 60) (29) (45 61) (30) (46 62) (31) (47 63)
(0) (16 32) (48) (64) (1) (17 33) (49) (65) (2) (18 34) (50) (66) (3) (19 35) (51) (67) (4) (20 36) (52) (68) (5) (21 37) (53) (69) (6) (22 38) (54) (70) (7) (23 39) (55) (71) (8) (24 40) (56) (72) (9) (25 41) (57) (73) (10) (26 42) (58) (74) (11) (27 43) (59) (75) (12) (28 44) (60) (76) (13) (29 45) (61) (77) (14) (30 46) (62) (78) (15) (31 47) (63) (79)
(0 16) (32) (48 64) (1 17) (33) (49 65) (2 18) (34) (50 66) (3 19) (35) (51 67) (4 20) (36) (52 68) (5 21) (37) (53 69) (6 22) (38) (54 70) (7 23) (39) (55 71) (8 24) (40) (56 72) (9 25) (41) (57 73) (10 26) (42) (58 74) (11 27) (43) (59 75) (12 28) (44) (60 76) (13 29) (45) (61 77) (14 30) (46) (62 78) (15 31) (47) (63 79)
(16) (32 48) (17) (33 49) (18) (34 50) (19) (35 51) (20) (36 52) (21) (37 53) (22) (38 54) (23) (39 55) (24) (40 56) (25) (41 57) (26) (42 58) (27) (43 59) (28) (44 60) (29) (45 61) (30) (46 62) (31) (47 63)
(0) (16 32) (48) (64) (1) (17 33) (49) (65) (2) (18 34) (50) (66) (3) (19 35) (51) (67) (4) (20 36) (52) (68) (5) (21 37) (53) (69) (6) (22 38) (54) (70) (7) (23 39) (55) (71) (8) (24 40) (56) (72) (9) (25 41) (57) (73) (10) (26 42) (58) (74) (11) (27 43) (59) (75) (12) (28 44) (60) (76) (13) (29 45) (61) (77) (14) (30 46) (62) (78) (15) (31 47) (63) (79)
(0 16) (32) (48 64) (1 17) (33) (49 65) (2 18) (34) (50 66) (3 19) (35) (51 67) (4 20) (36) (52 68) (5 21) (37) (53 69) (6 22) (38) (54 70) (7 23) (39) (55 71) (8 24) (40) (56 72) (9 25) (41) (57 73) (10 26) (42) (58 74) (11 27) (43) (59 75) (12 28) (44) (60 76) (13 29) (45) (61 77) (14 30) (46) (62 78) (15 31) (47) (63 79)
(16) (32 48) (17) (33 49) (18) (34 50) (19) (35 51) (20) (36 52) (21) (37 53) (22) (38 54) (23) (39 55) (24) (40 56) (25) (41 57) (26) (42 58) (27) (43 59) (28) (44 60) (29) (45 61) (30) (46 62) (31) (47 63)
(0) (16 32) (48) (64) (1) (17 33) (49) (65) (2) (18 34) (50) (66) (3) (19 35) (51) (67) (4) (20 36) (52) (68) (5) (21 37) (53) (69) (6) (22 38) (54) (70) (7) (23 39) (55) (71) (8) (24 40) (56) (72) (9) (25 41) (57) (73) (10) (26 42) (58) (74) (11) (27 43) (59) (75) (12) (28 44) (60) (76) (13) (29 45) (61) (77) (14) (30 46) (62) (78) (15) (31 47) (63) (79)
(0 16) (32) (48 64) (1 17) (33) (49 65) (2 18) (34) (50 66) (3 19) (35) (51 67) (4 20) (36) (52 68) (5 21) (37) (53 69) (6 22) (38) (54 70) (7 23) (39) (55 71) (8 24) (40) (56 72) (9 25) (41) (57 73) (10 26) (42) (58 74) (11 27) (43) (59 75) (12 28) (44) (60 76) (13 29) (45) (61 77) (14 30) (46) (62 78) (15 31) (47) (63 79)
(16) (32 48) (17) (33 49) (18) (34 50) (19) (35 51) (20) (36 52) (21) (37 53) (22) (38 54) (23) (39 55) (24) (40 56) (25) (41 57) (26) (42 58) (27) (43 59) (28) (44 60) (29) (45 61) (30) (46 62) (31) (47 63)
(0) (16 32) (1) (17 33) (2) (18 34) (3) (19 35) (4) (20 36) (5) (21 37) (6) (22 38) (7) (23 39) (8) (24 40) (9) (25 41) (10) (26 42) (11) (27 43) (12) (28 44) (13) (29 45) (14) (30 46) (15) (31 47)
(0 16) (1 17) (2 18) (3 19) (4 20) (5 21) (6 22) (7 23) (8 24) (9 25) (10 26) (11 27) (12 28) (13 29) (14 30) (15 31)
(0) (1) (2) (3) (4) (5) (6) (7) (8) (9) (10) (11) (12) (13) (14) (15) (16) (17) (18) (19) (20) (21) (22) (23) (24) (25) (26) (27) (28) (29) (30) (31) (32) (33) (34) (35) (36) (37) (38) (39) (40) (41) (42) (43) (44) (45) (46) (47) (48) (49) (50) (51) (52) (53) (54) (55) (56) (57) (58) (59) (60) (61) (62) (63) (64) (65) (66) (67) (68) (69) (70) (71) (72) (73) (74) (75) (76) (77) (78) (79) (80) (81) (82) (83) (84) (85) (86) (87) (88) (89) (90) (91) (92) (93) (94) (95) (96) (97) (98) (99) (100) (101) (102) (103) (104) (105) (106) (107) (108) (109) (110) (111)
