(0) (16) (32) (48) (64) (80) (96) (4) (20) (36) (52) (68) (84) (7) (23) (39) (55) (71) (87) (1) (17) (33) (49) (65) (81) 
(0) (16) (32) (48) (64) (80) (96) (4) (20) (36) (52) (68) (84) (7) (23) (39) (55) (71) (87) (1) (17) (33) (49) (65) (81) 
(16) (16 0) (0 16) (16) (16 0) (0) (32) (32 16) (16 32) (32) (32 16) (16) (48) (48 32) (32 48) (48) (48 32) (32) (64) (64 48) (48 64) (64) (64 48) (48) (80) (80 64) (64 80) (80) (80 64) (64) (96) (96 80) (80 96) (96) (96 80) (80) (4) (4 96) (96 4) (4) (4 96) (96) (20) (20 4) (4 20) (20) (20 4) (4) (36) (36 20) (20 36) (36) (36 20) (20) (52) (52 36) (36 52) (52) (52 36) (36) (68) (68 52) (52 68) (68) (68 52) (52) (84) (84 68) (68 84) (84) (84 68) (68) (7) (7 84) (84 7) (7) (7 84) (84) (23) (23 7) (7 23) (23) (23 7) (7) (39) (39 23) (23 39) (39) (39 23) (23) (55) (55 39) (39 55) (55) (55 39) (39) (71) (71 55) (55 71) (71) (71 55) (55) (87) (87 71) (71 87) (87) (87 71) (71) (1) (1 87) (87 1) (1) (1 87) (87) (17) (17 1) (1 17) (17) (17 1) (1) (33) (33 17) (17 33) (33) (33 17) (17) (49) (49 33) (33 49) (49) (49 33) (33) (65) (65 49) (49 65) (65) (65 49) (49) (81) (81 65) (65 81) (81) (81 65) (65) (0) (0 81) (81 0) (0) (0 81) (81) 
(55) (55 17) (17) (55) (17 55) (55) (71) (71 33) (33) (71) (33 71) (71) (32) (32 49) (49) (32) (49 32) (32) (23) (23 65) (65) (23) (65 23) (23) (36) (36 7) (7) (36) (7 36) (36) (87) (87 52) (52) (87) (52 87) (87) (0) (0 64) (64) (0) (64 0) (0) (48) (48 1) (1) (48) (1 48) (48) (96) (96 20) (20) (96) (20 96) (96) (80) (80 4) (4) (80) (4 80) (80) (84) (84 68) (68) (84) (68 84) (84) (16) (16 81) (81) (16) (81 16) (16) 
(71) (71 55) (55 71) (71) (71 55) (55) (32) (32 71) (71 32) (32) (32 71) (71) (23) (23 32) (32 23) (23) (23 32) (32) (36) (36 23) (23 36) (36) (36 23) (23) (87) (87 36) (36 87) (87) (87 36) (36) (0) (0 87) (87 0) (0) (0 87) (87) (48) (48 0) (0 48) (48) (48 0) (0) (96) (96 48) (48 96) (96) (96 48) (48) (80) (80 96) (96 80) (80) (80 96) (96) (84) (84 80) (80 84) (84) (84 80) (80) (16) (16 84) (84 16) (16) (16 84) (84) (39) (39 16) (16 39) (39) (39 16) (16) (55) (55 39) (39 55) (55) (55 39) (39) 
(55) (55 36) (36) (55) (36 55) (55) (23) (23 96) (96) (23) (96 23) (23) (87) (87 71) (71) (87) (71 87) (87) (84) (84 16) (16) (84) (16 84) (84) (39) (39 32) (32) (39) (32 39) (39) (48) (48 0) (0) (48) (0 48) (48) 
(23) (23 55) (55 23) (23) (23 55) (55) (87) (87 23) (23 87) (87) (87 23) (23) (84) (84 87) (87 84) (84) (84 87) (87) (39) (39 84) (84 39) (39) (39 84) (84) (48) (48 39) (39 48) (48) (48 39) (39) (80) (80 48) (48 80) (80) (80 48) (48) (55) (55 80) (80 55) (55) (55 80) (80) 
(39) (39 80) (80) (39) (80 39) (39) (23) (23 48) (48) (23) (48 23) (23) (84) (84 87) (87) (84) (87 84) (84) 
(23) (23 39) (39 23) (23) (23 39) (39) (84) (84 23) (23 84) (84) (84 23) (23) (55) (55 84) (84 55) (55) (55 84) (84) (39) (39 55) (55 39) (39) (39 55) (55) 
(39) (39 23) (23) (39) (23 39) (39) (84) (84 55) (55) (84) (55 84) (84) 
(84) (84 39) (39 84) (84) (84 39) (39) 
(39) (39 84) (84) (39) (84 39) (39) 
