(5 21)
(5 69)
(21 69) (62) (53 37) (74) (48) (34) (24)
(37 5) (45)
(53 37) (10 90) (22) (21 5) (69 41)
(37 25) (29)
(37 85) (52) (73)
(21 37) (81) (84 27) (45)
(37 54) (76) (39) (56) (75) (69 5)
(53 5) (10) (9) (11) (12) (60) (92 14) (68) (76) (87) (37 36) (95 78)
(37 69) (26 78)
(69 84) (79) (48) (37 49) (7) (42 65)
(37 85) (5 52)
(37 69) (78 61) (21) (18) (51) (30)
(85 69) (37)
(85 69) (17 23)
(85 1) (83) (53 69) (5 37)
(1) (93) (5 69) (30) (53) (42) (26) (24)
(5 22) (40 3)
(14 5) (24) (2)
(5 85) (39) (61) (80) (69 54) (21 53)
(85 69) (70)
(85 53) (37 57) (47)
(5 53) (85) (25) (21 20) (65 14) (69)
(69 22) (53 21) (80)
(69 22) (86) (53 5) (21 85) (42)
(85 4) (24) (38) (69 17) (5 21) (18) (71) (42)
(24 0) (26) (53 86) (58 93) (69 21) (83 60)
(21 5) (85 37) (14 49) (4 2)
(49) (44) (37 21) (87 13) (51) (85 20)
(44) (85 53) (29) (34 35) (50 12) (5 73)
(37 53)
(53 20) (64) (85 22) (66)
(66) (5 53) (16) (58 55) (21 6) (19)
(55) (98) (36) (23) (51 48) (56) (90 35) (44) (53 81) (21 65)
(36) (7) (86) (85 37) (11)
(36) (11) (10) (37 38) (40 6) (23) (5 97)
(6) (5 53) (69 38) (48 20)
(5 85) (36) (72) (97)
(85) (76) (21 9) (22) (62 0) (5 97) (37 86) (25) (7)
(69 21) (5 83) (77) (54 92) (49) (37 85)
(37 69) (21 68) (7)
(21 6) (78 87) (41) (68) (67) (90)
(21 54) (57 96) (85 38) (80) (34) (30) (27) (5 70)
(69 57) (92) (50)
(85 57) (97 1)
(85 21) (9) (97) (69 33)
(69 21) (37 85) (48 38) (34)
(69 37)
(37 85) (27) (62 88) (23) (91) (79) (71) (69 22) (15) (0 44) (64) (94)
(69 33)
(33) (22) (51) (40) (82) (5 69) (43)
(53 22) (69 25) (5 65) (79 24)
(69 17) (4 60) (7 30) (53) (28) (86) (42) (67) (98) (83 59) (8) (11) (14) (73 79) (22)
(60) (59) (49) (69) (82) (52 94)
(37 52) (41) (53 49)
(36 37) (70) (18) (69 49) (42) (67) (89 19) (5) (68) (53 21) (98) (63)
(85 37) (39)
(85 21) (54) (12 63) (42) (52 96) (64) (78)
(85 68) (45 8) (72) (60) (67 48) (5 65)
(5 65) (74)
(5) (65) (71) (53 70)
(53 86) (69 38) (5 37)
(5 85) (53 52) (83)
(5 57)
(5 86) (85 1) (88) (63) (21 68)
(21 49) (78) (5 81)
(5 65) (44) (48) (42)
(65) (89) (85 37) (53 34) (82)
(21 85) (78) (7) (14) (43) (26) (53 4)
(53 9) (84 65) (38 8) (37 69) (4)
(53 86) (93)
(53 17) (27 92) (21 64) (37 81)
(37 49) (5 52) (94) (21 68)
(69 5) (85 20) (22) (92) (3 86) (37 57) (66)
(92) (41 17) (64) (45 24) (6) (42) (95) (90) (33) (65)
(95) (60 19) (76) (5 37) (56) (53 25) (40 91) (78) (97 32) (90) (12) (65)
(53 36) (33) (99) (85 21)
(37 53) (69 85)
(21 69) (82 97) (85) (40) (96) (37 89) (23) (20)
(37 85) (48 34)
(53 85) (74 49) (41 11) (5 21) (92) (32) (15) (79 25)
(53 38) (11) (27 96) (18 36) (69 85) (2) (91) (46 68)
(69 73)
(69 53)
(53 86) (81) (2) (69 85)
(69) (5 4) (23) (36 59) (37 53) (21 85) (48)
(39 53) (34) (37 21) (69 1) (90)
(69 5) (1)
(53 5) (12)
(53 22)
(21 22) (69 36) (47) (85 53)
(21 52) (5 41) (53 69) (85 49)
(41 48) (59) (7) (5 22) (46 62) (49)
(85 7) (26) (95) (53 89) (21 52)
(21 73)
(21 53) (5 57) (98 0)
(21 53) (69 17) (33 9) (58) (31)
(53 89) (52 81)
(52 67) (85 25) (53 37)
(53 54) (56)
(53 9) (1 97) (84) (7) (92)
(1) (83) (52 28)
(74 1) (53 54) (69 37) (28)
(85 37)
(85 54) (87)
(53 85) (30)
(53 17) (55) (85 5)
(53) (92 63) (5 69)
(5) (34) (49 90) (3 57) (69 54)
(21 69) (24) (83) (37 85) (79 71) (73)
(37 1) (9) (27) (22 76)
(37 85) (45 38) (53 6) (42) (20) (29) (69 89)
(5 53) (85 49)
(5 37) (16) (46)
(5 97) (42) (92 60)
(5 20) (6) (69 21) (85) (74) (8) (97)
(69 17) (75) (53 78) (16) (5 85) (90)
(85 36) (62 31) (41 46) (77) (37 65) (30) (14 44)
(21 36)
(21 20) (7 54) (98) (8)
(8) (29) (79 94) (21 52) (47 13) (85 6) (75) (41) (88)
(21 22) (27) (24) (69) (80) (92) (70) (2)
(21 53) (61) (22) (74) (33)
(21 1) (53 85) (87)
(53 85) (12) (93) (69 41) (89)
(76 41) (5 20) (58) (33) (13) (85 25) (88) (84)
(76 6) (16) (42) (84 57) (68) (95 88) (85 33) (72) (69 53) (63) (54 5)
(69 17) (75) (92) (55 2) (12)
(17) (89 19) (53 37) (30) (99 96) (91)
(5 37) (57) (21 53) (69 41)
(37 52)
(37) (5 6) (38 89) (22) (67) (65 68) (86) (85 18)
(5 86) (53 69)
(53 33) (37 84) (44 19) (1) (2) (8)
(69 53) (13 58) (79 86) (85 4) (96)
(53 85) (94 30) (37) (77) (35) (32) (39) (54 52) (21 9)
(53 17) (21 97) (14) (34) (92) (87) (85 38) (25) (27) (78 1)
(53 22) (21 25)
(21 25) (37) (80) (4)
(5 37) (18)
(37 57) (18) (22) (5 65) (42)
(37 41) (32 30) (53 22)
(53 6) (18) (23)
(85 53) (32 55) (12 21)
(21 69) (37 1) (85 53) (86) (32) (28)
(53) (37 69) (5) (71 62)
(85 53) (70) (5 9) (50)
(37 85) (41) (80 40) (13 61)
(37 73) (88) (29) (74)
(37 69) (51) (35 44) (5 73) (21 85)
(5 85) (63 15)
(37 85) (5 36)
(5 37)
(37 85) (21 52) (80 7) (73) (4) (5 41) (11) (59) (63 54) (43)
(69 21) (60 26) (80 68) (50)
(69 53) (5 84) (35) (83) (21) (14 29) (93) (8)
(83) (31) (79 72) (4) (53) (69 85)
(4 84) (69 36) (3) (73) (28) (71) (21 37) (78) (52) (89)
(69 53) (5 84) (76) (62 28)
(21 5) (69 86) (10) (85 38) (4)
(37 69) (5 84) (53 9) (34)
(85 5) (49) (37 6) (96) (21 69) (54 63) (67 75) (58) (13)
(69 53) (23) (32 89) (60 51)
(37 53) (31) (16 71) (2) (6 17) (65) (69 33) (5 49)
(5 58) (19) (85 69)
(5 53) (8) (4) (47) (88) (52 67) (26 22) (41) (25) (21 37) (36 87)
(37 84) (96) (39 56)
(39) (80) (37) (41) (2 67) (64 92) (21 5)
(53 37) (82)
(37 41) (53 5) (81 30) (21 69)
(21 5) (58) (59) (53 22) (2) (73)
(37 53) (73) (46 27) (5 21) (31)
(37 1) (11) (5 4) (68) (27)
(85 5) (76 39) (75) (53 37) (24 80) (46) (66) (84 87) (6) (74 45)
(85 37) (34) (88) (21 54)
(85 53)
(85 21) (37 5) (73)
(37 69) (21 4) (53 41)
(5 53) (62) (1)
(5 21) (85 86)
(21 73) (69 86)
(21 25) (89 64) (38) (34) (53 54) (70) (57)
(89 27) (53 69)
(69 37) (50) (70)
(37 22) (93) (21 17)
(21 49) (93) (76) (8 58)
(21 81) (77) (91 31) (37 69) (30) (40) (82)
(37 53) (21 25)
(53 6) (78) (77) (97 8) (85 5) (15) (49) (42)
(85 37) (63 91)
(53 85) (27) (69 5)
(53 65) (73) (18) (69 37) (3)
(65) (79) (86) (73) (37 20) (35 4) (5 53) (62) (78) (92) (56) (29)
(69 20) (21 70) (85 65) (59) (45) (82) (43)
(69 53) (37 5) (22 17) (32 38) (61) (44)
(1 32) (5 22) (7 74) (65) (37 25) (4) (90) (54 58) (86)
(5 49) (10) (35)
(5 37)
(53 37) (68) (69 25) (79) (43) (0 61)
(85 25) (5 33) (2)
(85 5) (54)
(5 22) (8) (37 20) (33) (90) (74)
(37 5) (12) (61) (41) (22) (52) (95) (27) (98)
(95) (25) (41) (45) (71) (93) (80) (96) (8) (1) (68) (5) (43) (83) (75)
(8) (63) (15) (73) (50) (89) (0) (51) (84)
(84) (22) (10) (27) (50) (57) (3) (28) (74)
(28) (25) (21) (76) (69) (98)
) 
(52 66) 
(53) (42 69) 
(5) (89 41) (53) (93 11) (8) (49) (61 59) 
(58) (70) (0) (69) (88 1) 
(40 65) 
(78 39) (77 59) 
(43) (86 70) (25) 
(60 67) (0 48) (79) 
(94) (1) 
(64) (12) (36 50) (57 89) (72) (2) 
(14) 
(61) (30) (45) 
(43 29) (3) (81) 
(99 12) 
(71 78) (62) 
(66) 
(13) (38) 
(20 2) (15 79) (42) (43 29) (60 19) (70) 
(83 92) (55 94) 
(11) 
(74 85) 
(89) (89 57) 
(38 54) 
(25) 
(42 69) (26 37) (25 9) 
(29) 
(54) (32 80) 
(58 69) 
(2 84) 
(10 21) 
(71) (29 75) (11 93) 
(1 56) 
(22 70) (18 52) 
(66) 
(28) (67 12) 
(82) (93) (86) (37) (18) (30 39) (71) 
(48) (22) (81 72) (64 80) (76 67) 