(23 91) (5) (2) (64 16) (58 53) (5) (2 49) (4) (4) (97 24) (51 73) (21 90) (4) (81 72) (36 82) (6 3) (10 37) (5) (2) (5 26) (88 84) 
(96 0) (90 5) (55 11) (3) (2) (3) (6) (66 33) (10 69) 
(2) (1) (2) (0) (53 10) (18 17) (5) (2) (5) (0) (59 13) (67 57) (89 60) (4) (2) (44 70) (3) 
(35 9) (2) (46 71) (0) (5 90) (54 51) 
(62 23) (0) (0) (19 73) 
(0) (0) (37 58) (4 98) (76 54) (1) (20 34) (2) (25 44) (4) 
(0) (3) 
(3) (1) (40 36) (5) (3) (30 55) 
(1) (1) (4) 
(82 81) 
(92 70) (86 35) (2) (56 20) (2) (1) (5) (83 73) 
(5) (25 76) (0) (7 11) (93 30) (1) 
(69 26) 
(62 87) (23 75) (30 39) (1) (66 65) (4) (52 2) (4) 
(4) (3) (36 82) (4) (42 85) 
(64 16) (53 26) 
(3) (4) (88 68) (0) (25 28) (52 50) (44 22) 
(93 94) (5) 
(2) (5) (4 66) (0) (9 76) (77 30) (1) 
(3) (92 54) (1) (0) (21 42) 
(0) 
(5) (89 76) (1) (1) (60 22) (1) (73 12) 
(4 66) (5) (1) (9 92) (2 49) 
(25 92) (99 73) (51 41) (88 84) (90 5) (89 44) (4) (8 36) (76 38) (27 29) 
(1) 
(4 98) (2) 
(4) (13 46) 
(1) (48 96) (3) (12 54) (5) (0) (44 70) 
(4) (58 21) (4) (17 56) (3) (2) (6 83) (5) (5) 
(4) 
(4) 
(37 26) 
(4) (0) (94 7) (5) (3) (4) (5) (62 71) (2) (6) (6) (2) 
(75 29) (1) (4) 
(40 84) (52 82) (4) (41 76) (4) (0) (4) (46 7) (3) (21 58) (1) (1) (24 68) 
(78 23) (69 74) 
(37 10) (99 25) (86 83) (4 18) (13 62) (41 12) (79 47) 
(2) (0) 
(5) (0) (1) (4) (6) (82 49) (53 10) (0) (37 58) (5) (6 83) (92 22) (81 56) (2) (0) (4) 
(3) (55 59) (3) (32 96) (21 10) (83 89) 
(65 88) (67 89) 
(60 38) 
(4) (4) (90 5) (5) 
(14 87) (6) (95 63) (3) (1) (2) (2) (4) (91 93) (78 23) (98 81) (5) (46 71) 
(0) (0) (3) (29 62) 
(61 46) (81 56) (44 86) (97 72) (39 27) (52 50) (20 34) 
(90 37) (68 18) 
(3) (6 35) (1) (2) 
(5) (48 80) (67 73) (78 71) (59 77) (19 57) 
(1 24) (3) 
(4) (78 71) (70 83) (1) (51 57) (3) (1 8) (2) 
(0) (54 99) (3) (58 69) (3) (5) (2) 
(8 4) (0) 
(54 51) (1) (69 42) (2) (6) (1 72) (78 55) (41 44) 
(5) (4) (0) (4) (2) (70 35) (1) (79 15) 
(3) (4) (71 11) (2) 
(0) (5) (50 1) 
(0) (58 85) (5) (51 73) (55 59) 
(75 61) (13 62) (17 56) 
(1) (3) (85 58) (1) 
(61 46) (0) (81 40) (47 95) (5) (4) (3) (0) (4) (1) (14 55) (39 75) 
(4) (1) 
(2) 
(1) (31 47) (29 14) (79 95) (2) (4) (51 73) (72 52) (2) (1) (1 40) (56 84) 
(12 38) (6 51) (69 10) (2) (4) (47 95) (86 83) (21 74) 
(3) 
(5) (1) (5) (2) (2) (3) (4) (0) 
(2) (94 71) (0) (4) (5) 
(5) (96 0) 
(16 32) (2) (63 95) (4) (2) (47 31) (27 77) 
(3) (5) 
(39 59) (2) (10 53) (38 51) (78 55) 
(2) (6) (50 49) (65 72) (2) (0) (5) (2) (99 25) 
(64 16) (69 10) (23 27) (46 7) (68 66) 
(49 56) (31 63) 
(3) (81 88) 
(5) (52 34) 
(16 96) 
(0) (3) (32 96) (36 66) (5) (98 65) (55 91) 
(80 48) (5) (83 73) (4) 
(58 5) (0) (1) (49 40) (37 74) (1) (5) (1) (56 20) (2) (0) (1) 
(88 4) (2) 
(31 95) (57 28) (3) (47 79) (1) (63 15) (1) (0 96) (68 18) 
(99 25) (12 86) (71 59) (0) 
(17 8) 
(62 23) (2) (91 61) (55 27) 
(1) 
(4) (89 60) (2) (15 95) (78 71) (0) (5 74) (3 9) 
(4) 
(42 85) (2) (1) (3) (9 76) (5) (50 17) (1) (63 95) 
(68 66) 
(3) 
(86 99) (16 96) (22 19) 
(98 17) 
(1) 
(57 60) (6 99) (70 19) (6) (3) 
(2) 
(1) (78 55) (1) (51 41) (16 0) (2) (2) (27 93) (97 8) 
(14 39) (91 61) 
(2) 
(1) 
(0) 
(55 59) 
(1) 
(1) (38 35) (14 71) (6) (1) (33 24) (75 61) (3) (97 88) (4) (79 95) (5) 
(20 18) (5 58) (6 51) (85 10) (4) (96 32) (4) (5) 
(2) (76 54) (6) (82 17) (92 6) 
(2) (14 23) 
(53 42) (22 3) 
(0) 
(18 81) 
(69 42) (0) (1) (3) (1) (3) (0) (37 10) (2) (4) (66 81) (1) (4) 
(42 21) (3) (94 87) (61 30) (28 6) (1) (3) (3) 
(77 94) (3) (4) (10 85) (2) (84 98) 
(73 92) 
(59 93) (3) (41 76) (5) (3) (5) 
(3) (2) (4) (5) (1) (2 17) (85 42) (0) (98 97) 
(4) (0) (14 87) (3) (29 46) (11 93) 
(2) 
(1) (1 24) (4) (5) (2) (4) (3) (67 89) (3) 
(2) 
(42 21) (89 44) (1) (3) (9 92) (47 15) (3) (5) (4) (4) (5) (30 39) (0) (2) (0) 
(5) (0) (59 29) (63 95) (2) (58 85) (84 2) (55 75) (5) (16 64) (2) (13 46) (3) (11 77) (3) (5) (4) 
(1) (1) (99 25) 
(5) 
(23 75) (6) (1) (72 68) 
(2) (12 38) (52 98) (1) (60 86) (84 18) (4) (78 71) (37 58) (26 53) (5) (21 74) (62 7) (5) 
(75 77) 
(4) (3) 
(96 32) (4) (52 18) (5) (20 98) (16 80) (66 97) (99 41) (1) (54 67) (4) 
(55 11) (2) 
(3) (4) (1) 
(3) (16 64) (2) (3) 
(4) 
(13 14) (27 77) (1 56) (5) (3) (4) (17 72) (2) 
(2) (85 42) (6) (90 5) (2 81) 
(5) (82 49) 
(14 71) (62 39) (42 53) (16 80) (28 6) (6) (97 40) (0) (5) 
(7 59) (95 47) (3) (85 26) (39 43) (28 54) 
(5) (0) (72 68) (11 13) (22 99) (5) (4) 
(86 19) (4) (10 85) (91 45) 
(21 74) 
(83 89) 
(0) 
(6) (19 57) (82 17) 
(2) (52 50) (90 69) (59 93) (1) 
(40 4) (60 6) (0) (1) (57 76) (10 53) (0) 
(91 77) (25 76) 
(48 0) (34 1) (5) (3 73) (2) (83 57) (0) (91 45) (7 59) (3) (12 38) (46 87) (49 40) (3) (33 24) (1) 
(83 25) (1) (3) (58 5) (68 18) 
(3) (5) (55 11) 
(96 64) (3) (2) 
(5) (17 88) 
(15 95) (38 67) (33 56) (69 42) (35 25) (64 96) (1) (34 1) (90 21) (40 4) (0) (63 31) (18 49) (0) (3) (41 76) (1) (5) (1) 
(2) (2) (3) (4) (62 23) (48 64) 
(4) (66 97) (3) 
(4) (5) (23 11) (92 22) (6) (4) (10 5) 
(4) (4) 
(38 19) (1) (3) (41 28) 
(8 52) (74 5) (4) 
(14 71) (5) (5) (2) (2) (16 48) (21 26) (5) (1 24) (30 23) 
(43 13) (7 91) 
(84 66) (2) (0) (2) (6) (4 34) (3) 
(2) (3) 
(9 76) (3 25) (1) (3) (84 82) (43 61) (1) (30 7) 
(0) (28 70) (36 2) (93 78) 
(91 13) 
(5) (94 7) 
(2) (15 79) (22 83) (5) (2) 
(2) (3) (18 81) (1) (0) 
(0) (65 72) 
(53 74) (1 56) (47 95) (26 21) 
(60 86) (0) (78 23) 
(16 32) (0) (5) (9 28) (3) (60 54) 
(69 74) (3) (0) (64 96) (94 87) 
(2) 
(47 79) 
(10 37) (3) (6) (0) (41 76) (0) (4) 
(84 2) (1) (91 29) (45 62) (2) (77 94) (15 95) 
(44 38) (2) (4) (4) (52 50) 
(36 2) (83 73) (10 53) (0) 
(4) (5) (3) 
(0) (2) (3) 
(5) (26 85) (3) (94 55) 
(48 16) (83 89) (86 67) (69 10) (41 76) (68 18) (5) 
(6) 
(95 79) (30 55) 
(49 72) (81 40) (5) 
(4) (0) 
(15 79) (0) (3) (87 75) (72 68) 
(5) (57 12) (2) (6 3) (2) (0) (0) (25 44) (3) (4) (32 16) (1) (2) (3) (78 55) (24 36) (71 75) (87 11) (3) (5) 
(45 78) (88 4) (3) (75 93) (70 67) (33 72) (51 57) (9 60) (3) (14 71) (3) (22 35) (34 17) (40 52) (98 49) (3) (38 83) (0 80) (65 8) (1) (90 53) (5) (3 41) (21 26) (73 76) (50 97) (0) (5) (2) (23 27) (3) 
(0) (31 95) (4) 
(2) (0) 
(4) (1) (3) 
(0) (0) (1) 
(3) 
(3) 
