(4) (0) (0) (42 90) (4) (3) 
(1) (0) (42 74) 
(36 65) (8 34) (50 56) (1) (66 88) (0) (75 62) (0) (40 98) (19 60) (53 69) (1) 
(60 99) 
(1) 
(11 46) (57 86) (3 92) (41 54) 
(5) (6) (21 69) (1) (2) (70 73) (2) (2) 
(6) (4) (5) 
(21 5) (5) 
(82 72) (38 9) (3) (58 42) (0) 
(3) 
(23 77) (4) (76 83) (13 7) (93 71) (2) (58 42) (6) (0) 
(2) 
(85 5) (93 71) (5) (56 34) 
(3) (1) (88 82) (75 94) (3) (18 24) (0) (74 42) (4) (14 59) 
(85 69) (59 62) 
(5) (0) (3) (2 40) 
(0) (1) (2) (1) 
(91 62) (0) 
(1) (45 39) (0) (5) (57 6) 
(18 56) (1) (82 24) (1) (11 62) (51 28) 
(53 85) (28 51) (14 11) 
(2) 
(0) (0) (27 94) (2) (3) 
(84 49) (4) (0) (4) 
(5) (0) (0) (1) (0) (5) (49 68) (5) (31 47) (55 13) (17 52) (29 23) 
(3) (2) (1) (3) 
(2) (3) (0) (61 23) (91 94) (4) 
(87 77) (0) (46 27) 
(2) (1) (6 89) (55 77) (76 3) 
(5) (1) (5) (40 50) (1) (3) (29 39) 
(3) (0) (85 21) (93 23) (3) (10 90) (15 63) (65 4) (2) 
(2) (64 80) 
(6) (83 44) (5) (38 9) (30 75) (5) (45 39) 
(7 13) (2) (4) (1) (1) 
(83 12) (2) (0) (5) (35 28) (3) (82 24) (69 5) 
(1) (5) (73 6) (3) (5) (98 24) (91 46) (0) (95 63) (33 52) (1) (2) 
(79 31) 
(3) 
(1) (6) (5 53) (2) 
(87 93) (55 77) (1) (27 78) (5) (1) (45 71) 
(4) 
(6) (77 55) (95 79) (24 34) 
(34 88) (1) (42 74) (1) 
(62 91) (53 5) (3) (0) (4) (3 92) 
(5) (50 72) (95 15) (3) (2) 
(0) (4) (3) 
(28 83) (39 77) 
(0) (0) (78 91) (76 51) (3) (2 72) 
(2) (1) (49 36) (5) (94 91) (4) (2) 
(5) (1) (0) (33 36) (77 87) (65 20) (1) (42 26) (2) (2) (27 14) (5) (4) (41 70) 
(30 43) (0) (67 12) 
(2) (3) (73 22) (2) (27 30) (4) (5) 
(86 57) (4) 
(16 64) (68 81) (30 43) 
(6 89) (71 77) (52 49) (35 60) (76 3) (4) (2) (28 99) (38 73) (51 44) (29 55) (9 86) 
(83 60) (2) 
(0) 
(92 19) (2) (0) (4) (96 32) (0) 
(1) (2) (45 39) (0) (15 47) (33 52) 
(24 18) (74 26) (72 50) (16 32) 
(5) (2 8) (3) (17 20) 
(88 82) (4) (22 89) (4) (85 21) 
(95 15) (33 52) (2) (53 21) 
(3) (1) 
(5) 
(89 86) 
(0) (16 48) (0) (41 6) (1) 
(72 34) (20 81) (4) (61 7) (93 71) (56 50) (80 48) (5) (75 14) (29 23) (96 16) (2) (55 77) 
(22 9) (66 24) (34 8) (2) (10 90) (6 41) (4) (4) (0) (86 25) (91 30) 
(2) (3) (0) 
(2) (4) 
(0) (1) (95 47) (46 75) (42 58) (83 76) 
(0) (2) (28 67) (69 53) (1) (3) (4) (1) (0) (54 41) (34 40) (6) (4) (1) (29 55) 
(30 27) (97 36) (0) (14 91) (1) (84 17) (11 46) (1) (12 35) (4) (2) (83 44) 
(13 87) (82 88) (40 18) 
(57 86) (3) (37 85) (4 65) (2) (71 29) (1) (5) (79 47) (43 30) (62 75) (87 77) (38 41) (3) (69 21) (3) (55 13) 
(99 28) (0) 
(0) (21 53) (4) (56 50) (92 51) (22 57) (7 77) (40 98) (10 58) (5) (83 28) (2) (0) 
(5) (5) 
(15 47) 
(5) 
(4) 
(1) (2) (5) (48 96) (2) (47 63) (1) (45 55) (66 88) (0) (4) (30 75) (85 37) (91 62) (40 82) (6) (1) (92 99) (39 77) (61 23) (27 14) (53 69) 
(4) (5) (2) (2) (71 77) 
(2) (0) (5) (41 38) (3) (60 99) (4) 
(2) (3) (61 7) (2) (42 26) (0) 
(89 70) 
(34 56) (25 70) 
(5) (4) 
(76 19) (1) (20 65) 
(17 52) (86 57) (2) (9 38) (96 16) (3) (32 64) (5) (21 85) (28 19) (48 0) 
(20 49) (57 70) (1) 
(5 53) (3) (2) (99 44) (2) (42 10) (1) (95 79) (5) 
(16 80) (65 84) (0) (2 72) (53 69) (2) (8 50) (4) (26 42) (95 31) (62 27) 
(4) 
(54 73) 
(61 7) (4) (0) (41 38) (4) (59 46) (5) (75 78) (34 8) (70 57) (2 24) (67 12) (50 88) (48 0) (2) (82 72) (6) (66 56) 
(1) (1) (4) (4) 
(4) (5) (1) (38 89) (43 62) (75 30) (9 86) (53 85) (1) (0) (3) 
(47 15) (4) (43 46) 
(94 27) (1 84) 
(2) (5) (1) 
(21 5) (0) (56 82) (66 40) 
(27 62) (0) (1) 
(0) (5 85) (92 3) (57 70) (67 60) 
(4) 
(1) 
(35 44) 
(89 70) (0) (21 53) (85 5) (2) (0) 
(96 32) 
(0) (3) (5) 
(1) 
(3) (5) (5) 
(2) 
(2) 
(69 5) (93 87) (82 24) (54 89) (4) (3) (18 88) (12 51) 
(48 80) 
(79 95) 
(1) (2) 
(66 24) 
(3) (76 3) (2) (4) (2) 
(95 15) (5) (72 98) (79 47) (84 97) 
(1) (5) 
(5) 
(5 69) 
(26 90) (78 59) (5) (0 64) (58 42) (49 68) (67 12) (0) (74 10) (53 37) (60 3) (0) (47 63) 
(46 75) (2) (2) (4) (26 42) (5) (94 43) (0) (1) (3) 
(55 13) (15 63) (0) (19 76) (4) (2) (5) (1) (4) 
(89 6) (2) (0) (2) (53 69) (45 23) (5) (27 30) (59 62) (57 38) 
(3) (85 69) (59 94) (43 14) (2) (19 12) (1) 
(2) (1) (2) (76 83) (47 95) (1) (37 85) (1) 
(2) (5) (5) (0) 
(4) (15 63) (18 72) (57 22) 
(1) 
(14 27) 
(1) (90 74) (49 68) (2) 
(69 5) (5) (44 3) (17 36) (3) 
(42 90) (21 69) (0) 
(47 79) (0) 
(15 79) (6) (1) (55 13) (44 67) (4) 
(83 12) 
(2) (99 92) 
(18 72) (88 82) (4) (0) 
(4) (4) 
(5) (14 59) (75 62) 
(3) 
(22 41) (72 34) (1) 
(57 6) (66 56) 
(13 71) (55 93) (64 96) (1) (42 58) (5) (4) (39 61) 
(41 54) (35 44) 
(4) (30 43) (42 26) (36 65) 
(37 85) (5) (0) (2) (73 54) (0) (47 95) (35 76) (22 41) (91 14) 
(3) (0) (10 58) (38 25) 
(63 15) (87 45) 
(0) (87 29) 
(5) (1) 
(4) (3) (1) (3) (98 8) (3 76) 
(4) (45 23) (65 20) (1) (76 99) (75 30) 
(6) (2) (5) (66 40) (3) 
(2) (3) (21 53) (84 97) (54 25) (98 56) (3) (30 43) (5) (27 14) 
(3 28) (5) (51 76) (0) (4) (97 20) (5 85) (5) 
(96 64) (32 16) (4) (0) 
(0) 
(5) (4) (33 4) 
(4) (6) 
(50 40) (94 27) (90 42) (45 7) (1) (23 61) (5) (4) (10 74) (1) (5) (2) (5) (4) (2) (3) (63 79) (5) (2) 
(95 47) (31 79) (25 86) (41 70) (2) 
(1) 
(99 92) (4) (4) (95 47) (5) (44 67) (5) (56 18) (58 90) (2) (19 76) (4) (63 79) 
(34 72) 
(3) (43 94) (61 7) (5) (4 1) (76 19) (5) (4) (0) (2) (4) 
(88 82) (5) (96 0) 
(0) 
(4) (61 71) 
(18 56) (3) 
(3) (0) (3) 
(93 55) (6) (2) (1) (73 70) (2) (68 81) (21 69) (92 3) (4) 
(3) (31 63) (20 65) 
(4) (2) (98 88) (4) 
(57 38) (89 6) (5) 
(4) (4) (65 68) 
(48 32) (92 99) (54 89) 
(25 70) (38 9) (16 32) (1) (0) (1) (97 4) (79 95) (5) 
(3) 
(0 64) (5) (5) 
(4) (38 41) (93 23) (3) (3) 
(78 11) 
(29 39) 
(0) 
(28 3) (4) (3) (84 65) (12 51) 
(74 90) (4) (1) (50 40) (41 54) (84 81) (2) (16 0) (71 13) (1) (1) (1) (47 63) (2) 
(72 18) (90 10) (3) 
(46 75) 
(3) (3) 
(3) (0) 
(30 27) (32 96) 
(3) (0) 
(3 92) (33 4) (35 28) 
(72 98) 
(68 81) 
(5) (2) (69 37) (8 50) (93 87) (57 38) (5) (76 19) (49 20) 
(74 58) (2) (35 28) (36 81) 
(3) 
(86 89) 
(2) 
(56 34) (73 22) (97 36) (35 76) (0) 
(3) (5) 
(93 23) (53 5) (4) (42 58) (1) (4 81) (99 92) (18 72) 
(6) (3) (2) 
(2) (1) (5) (2) (3) (23 77) (22 9) 
(38 73) (5) (5) 
(10 90) (4 81) (0) 
(55 77) 
(86 25) (87 13) (40 82) (81 20) 
(13 7) (4) 
(1) (1) (4) 
(0) 
(2) (4) (6) 
(3) (1) (2) (3) 
(6) (2) (3) 
