(33) 
(93 33) (95 48) (80 96) 
(30) (62) (25 32) (28) (3) 
(6) (70) 
(70 84) (28 92) (38 0) 
(57) 
(36 99) 
(93 24) 
(89) (2 4) (69) (68 47) 
(68 48) (89 41) 
(47) (73) (85 37) 
(91) 
(4 53) 
(10 3) 
(65) (71) (98 81) 
(98) 
(97) 
(27) (34) 
(87 62) 
(68 53) 
(72) (84) (41 19) (33 7) (62) 
(43 47) (24 31) 
(31) 
(86) 
(83 64) (84) (78 81) (11) 
(24) 
(4) (79 45) (18) (74) 
(66) (7 19) (90 74) 
(97 23) (69) 
(93 75) 
(9) (10 63) (1 73) (24 42) (91 70) 
(25 63) 
(21 85) 
(18 65) 
(37) (69 40) 
(65) 
(37) (4) 
(76 38) 
(84) 
(15 7) (26 63) 
(80 67) (48) 
(97) 
(13) (73 98) (22 50) 
(58 47) (18) (88) (76 10) 
(66 97) 
(1 34) 
(1) (40) (52) 
(41) (82 81) (7 14) 
(49) 
(86 44) (61 11) 
(14 25) 
(74) 
(80 99) 
(18 45) 
(31) (67 73) 
(87 32) 
(74) 
(51 44) (46 26) 
(25 87) 
(47 7) 
(16 7) (65 78) 
(87 97) 
(72 32) 
(76) (48 34) (6 74) (61) 
(2) 
(33 36) 
(47) (48) 
(33 91) 
(47 6) 
(93 3) 
(17 18) (45 1) 
(16 71) 
(4 97) (23 88) (68 82) (78) 
(73 31) 
(59 19) (41 28) (96 95) 
(21 12) (51 13) 
(58) 
(89) 
(60) 
(83) (1 69) (60 15) (52) 
(6 42) (89) 
(11) 
(1) (60) 
(67) 
(67 99) (25) (71 30) 
(30) (17 42) (47) (3) 
(38) (42 98) 
(6 61) (61) 
(39 92) 
(92 52) (45 34) (16) 
(94 19) 
(8) (62) (15) 
(15 33) 
(21) (89 54) 
(58) (52 74) (60) (96 10) (21 47) (16) (7) (33 24) 
(7) (47 94) (10) (41 99) 
(57 34) 
(76 53) 
(96) 
(86) (41 60) 
(88 98) (2) (41) 
(24) 
(62) 
(50) 
(10 83) 
(94 64) (25 66) 
(77) 
(73) 
(1) 
(75 53) (86) (4 42) (94 70) 
(64) 
(80) (53 43) 
(49) (86 90) 
(88 37) 
(43) 
(55 90) (19) 
(24 14) (31) 
(12 45) 
(8) 
(74) (23 34) (70 73) (65) 
(29 42) 
(28 56) (23) 
(69) (91) 
(93 27) 
(48 62) 
(28) 
(37 46) 
(42 63) (18) 
(96) 
(99) 
(3) 
(21 69) 
(50) 
(10) (23) (1 74) (8) (12) (95) (61) (16 26) (94 57) (64 67) (73) 
(27 94) (89 70) 
(76) (75) 
(71) (29 58) (9) (51 94) (54 16) 
(27 62) (43) (82 1) (97 96) (90) 
(9) (22 51) (98 92) (97 48) (76) 
(21 7) 
(15 10) 
(10 17) (57) (9 0) (50 22) (74 96) (55 84) 
(77) (87 24) 
(89 74) 
(73) 
(67) 
(96) 
(31 13) 
(97 83) (78 93) 
(65 74) (95) (10) (60 26) (64) (94 55) 
(30) 
(81) (83 79) (27) (16 78) 
(52) 
(47 88) 
(61 15) (66 45) (82) 
(58) 
(67 40) (77) 
(55) (99) (13) 
(31) (15) (8) 
(85 97) 
(15 32) 
(78) 
(13) (94 55) (50) (17 5) 
(11) 
(77) 
(35 94) 
(17) 
(82) 
(91 44) 
(8 78) (20) (54) 
(1) (76) (86) 
(86) 
(9) (9) 
(81 90) 
(98) (82) 
(97 87) (11 33) (67) (60 58) 
(77 81) (89 41) (94) (24) (93 55) (62) (37 67) (70) (48 63) 
(25 7) 
(40 49) (62 81) 
(19 61) (31 73) (44 70) (42) 
(31) 
(45 49) 
(97 98) 
(37) (68) 
(13) (7) (90) 
(31) (30) 
(75) 
(60 32) (16 84) 
(93 40) 
(67 1) 
(80 3) (58 14) (6) 
(41 33) (27) 
(23 66) (82 45) (73 36) 
(81 82) 
(51) (53 59) (75 27) 
(19) (29) 
(25 84) 
(72 85) 
(4) 
(83 75) 
(77) 
(92 61) 
(85) 
(74) 
(14 43) (62 63) 
(87 82) 
(9) 
(49 9) (65 81) 
(40) (28) (14 4) 
(57 99) 
(52 14) 
(86) (88 96) 
(77) 
(30) 
(60) (39) 
(34 46) (98) (70) 
(32) (59 36) 
(15) 
(33) (4) 
(48) 
(35 49) 
(49) (89) 
(96 46) (51 8) (76 97) (24) (85) 
(29) 
(2) (86) 
(92 86) (25) (60) (89 44) (71) 
(86) 
(23 7) 
(85 82) 
(24 21) (49) 
(59 60) 
(34) 
(95) (39) 
(45 4) 
(1 52) 
(26 21) 
(87 31) (26 24) (32) (82) 
(39) 
(0) (73 36) (58 50) (14 97) (51) (52 16) 
(82 84) 
(97) 
(47) (61) (90 45) 
(16 58) (25) 
(4 29) 
(66 46) 
(80 68) 
(34) 
(96) (59) (28 38) 
(95 19) (29) 
(46 47) 
(49) 
(94) (53) 
(53 86) (24 20) (4 52) (62) 
(51 24) (62) (76 86) 
(15 97) 
(3) 
(82) (81 15) (9 54) (32) (19) (27 88) (90) 
(23) (37 33) 
(58 48) 
(57 6) (59 90) (27) 
(59 57) (88) (60 45) 
(88) (51) (79) 
(29) (4 37) (21) (20) (59 74) 
(53) 
(64 94) 
(19) (45 1) (69 43) 
(89 81) 
(54) (71) (4 62) (24) 
(42) 
(52 48) (1) (12 24) (86 13) 
(91) (43 75) 
(96) (4) 
(6) 
(97 60) 
(8) (85) (55 62) 
(32 61) (5) (23 22) 
(81) (49 25) (99) (93) (82 21) 
(83 4) 
(87) (10 20) 
(15) 
(29 68) 
(42 43) 
(96) (4) 
(19) 
(93) (82 94) 
(16) (83) (68 59) 
(62 22) (11 83) 
(58) 
(12 75) (18 11) (78 40) (39 80) (75 93) (63) 
(64) (61 62) (75 10) 
(28) 
(99 17) (25) 
(25 76) (77) (11) 
(20) 
(6 51) (47) 
(47 87) 
(92) (46) 
(7) 
(77 68) (1 89) (58 36) (39 57) 
(69 20) 
(64 31) (44) (98) 
(57) 
(0 44) (52) 
(6) 
(0 23) (60) 
(21) (58 55) (41) 
(73) 
(51 50) 
(39 17) 
(93 6) 
(20 55) (67 45) 
(41 19) 
(24) (89) (71) 
(97) (60) (90) (74) (57 97) (65) (26) (68) (69 58) (24) 
(65 29) 
(37) 
(70 72) (45) 
(97 10) (7) (91 55) 
(97 6) 
(95 42) 
(45 32) (83 84) 
(89) (35) (70) (47) 
(71) (20 81) (68) 
(76) 
(55 39) 
(89) 
(55 96) (19) 
(65 19) (64 55) (25) (49) 
(32 60) 
(72) (67 58) 
(44 14) (32) 
(32) (41) (58) (43 56) 
(22 12) (82) 
(83) (2 50) 
(39) (25 52) (59 80) 
(72 79) (21 41) 
(56) (34) 
(49 68) 
(76) 
(18) 
(22 79) (77 82) (71) 
(85 76) 
(8 56) (30) 
(5 82) 
(77 76) 
(53) (23) 
(34 19) (23 78) (69) (68) (9 80) 
(19) 
(64 2) 
(2) 
(37) (48 86) 
(54) 
(66 6) 
(20) (85 3) (77) 
(54 95) 
(15 88) 
(34 53) (51 16) (63 12) (72) 
(77 3) (69 95) 
(68) (17) (24 78) (15) 
(78 81) 
(35) 
(52) 
(5 47) 
(65 51) (63) (71 40) (15) (73 39) 
(87 57) (22 1) (88 98) 
(49 50) (94 20) (41) 
(89) (69) (24) 
(64 22) 
(5 95) 
(83) (37 83) (24 61) 
(87) (52) 
(38) 
(43 42) 
(85) 
(8) (70 53) 
(32 35) 
(12) 
(32 94) 
(83 28) (8) 
(29 40) (96) (53 87) 
(65) 
(28) (75 87) 
(70 62) 
(28 55) (29 75) 
(43 49) 
(10 9) 
(34 42) 
(7 31) (0) (77) (6 8) (4) (1 57) 
(35) 
(40 23) (83) (9 81) 
(85 65) (88 15) 
(18) 
(74 8) 
(38) (61 49) 
(51) (10) 
(4) (85) 
(21) 
(42) 
(10 13) 
(27) 
(30 53) (32 27) (10) (21) (29) 
(30) 
(38 36) (42) 
(85) 
(16 65) 
(4) 
(1) 
(42) 
(81 73) 
(97) (45) (78 64) 
(69 54) 
(68 18) (51 12) (5) 
(74) 
(23 54) 
(88 85) 
(79) 
(56) 
(85) 
(75) 
(96) 
(68) (48 17) 
(39 58) 
(25) (87 0) 
(52 10) 
(54) (46) (99 13) (89 59) 
(60 65) 
(22 85) (11 44) (70 24) (56 34) 
(5) 
(24) (56) (0) 
(95) 
(7 78) (12) (61 18) (95 88) 
(49 20) (93) (7 25) (49 50) 
(39) 
(52) (30) (92 95) (27) (32) 
(72 36) 
(30 57) 
(2 81) 
(98) 
(88 82) (12) 
(40) (20 23) (35) 
(90 85) 
(90 81) (75) (36) 
(83) (41 9) (28 40) (85) (77) (16 26) (19 54) 
(19 80) 
(16 13) 
(36 50) 
(81) 
(0 68) (59) 
(15 17) (83 63) 
(26 48) 
(86 49) 
(57) 
(52 95) (48) 
(83) 
(4 18) (33 19) (16 83) (52) 
(16) (36 74) 
(55) (45) (98 63) 
(7 36) 
(61 24) 
(58 68) (82 66) 
(52) (61) (7) (22) (80) 
(29) 
(65 22) (94) (5 65) 
(95) (13 77) (93 14) 
(58) (13 90) 
(56) 
(15) (7) 
(39 10) (14) (58) 
(84 1) (85 64) 
(65) 
(82) 
(80) 
(47) (67 26) 
(38 23) (70) 
(70 79) (2 0) 
(38 73) 
(46 33) (41 18) 
(89 29) (87) 
(90) 
(80) 
(7 30) 
(65 46) 
(67 54) 
(98) 
(55) (12 42) (62 89) (28 95) (32 40) (50) 
(46 58) (49) 
(58 22) 
(10) 
(67 62) 
(42) (15 40) 
(86 66) (93) (45 34) (40 35) (30) 
(68) 
(36 78) (96) 
(26 14) (11) 
(45 58) (63 86) 
(45) (87) 
(45) (63) 
(41) 
(58 14) 
(0 23) (97) 
(18) 
(2) 
(89) 
(55) 
(96 14) 
(89) 
(63 95) (88 96) 
(79) (14 72) (62) (6) (10 99) 
(23) (15 97) (3 24) (6 33) 
(50 64) 
(50 4) 
(41 71) 
(45 20) (7) (50) (42 59) (73 65) (64) (27 17) (66) (84 33) 
(37 73) (1 41) 
(25) (18) (53 74) 
(48) 
(48) 